1.080000000000000071e+00
1.080000000000000071e+00
1.080000000000000071e+00
1.080000000000000071e+00
1.080000000000000071e+00
1.080000000000000071e+00
1.080000000000000071e+00
1.080000000000000071e+00
1.080000000000000071e+00
1.080000000000000071e+00
1.080000000000000071e+00
1.080000000000000071e+00
1.080000000000000071e+00
1.080000000000000071e+00
1.080000000000000071e+00
1.080000000000000071e+00
1.080000000000000071e+00
1.080000000000000071e+00
1.080000000000000071e+00
1.080000000000000071e+00
1.080000000000000071e+00
1.080000000000000071e+00
1.080000000000000071e+00
1.080000000000000071e+00
1.080000000000000071e+00
1.080000000000000071e+00
1.080000000000000071e+00
1.080000000000000071e+00
1.080000000000000071e+00
1.080000000000000071e+00
1.080000000000000071e+00
1.080000000000000071e+00
1.080000000000000071e+00
1.080000000000000071e+00
1.080000000000000071e+00
1.080000000000000071e+00
1.080000000000000071e+00
1.080000000000000071e+00
1.080000000000000071e+00
1.080000000000000071e+00
1.080000000000000071e+00
1.080000000000000071e+00
1.080000000000000071e+00
1.080000000000000071e+00
1.080000000000000071e+00
1.080000000000000071e+00
1.080000000000000071e+00
1.080000000000000071e+00
1.080000000000000071e+00
1.080000000000000071e+00
1.080000000000000071e+00
1.080000000000000071e+00
1.080000000000000071e+00
1.080000000000000071e+00
1.080000000000000071e+00
1.080000000000000071e+00
1.080000000000000071e+00
1.080000000000000071e+00
1.080000000000000071e+00
1.080000000000000071e+00
1.080000000000000071e+00
1.080000000000000071e+00
1.080000000000000071e+00
1.080000000000000071e+00
1.080000000000000071e+00
1.080000000000000071e+00
1.080000000000000071e+00
1.080000000000000071e+00
1.080000000000000071e+00
1.080000000000000071e+00
1.080000000000000071e+00
1.080000000000000071e+00
1.080000000000000071e+00
1.080000000000000071e+00
1.080000000000000071e+00
1.080000000000000071e+00
1.080000000000000071e+00
1.080000000000000071e+00
1.080000000000000071e+00
1.080000000000000071e+00
1.080000000000000071e+00
1.080000000000000071e+00
1.080000000000000071e+00
1.080000000000000071e+00
1.080000000000000071e+00
1.080000000000000071e+00
1.080000000000000071e+00
1.080000000000000071e+00
1.080000000000000071e+00
1.080000000000000071e+00
1.080000000000000071e+00
1.080000000000000071e+00
1.080000000000000071e+00
1.080000000000000071e+00
1.080000000000000071e+00
1.080000000000000071e+00
1.080000000000007621e+00
1.080000000000316929e+00
1.080000000012541594e+00
1.080000000494954815e+00
1.080000019558020163e+00
1.080000777031382198e+00
1.080031095289358811e+00
1.081215713266792999e+00
1.121618502423108898e+00
1.375155042595873178e+00
1.476659430094618530e+00
1.515387116767893394e+00
1.494345911678013783e+00
1.480655964356991872e+00
1.493677979535271927e+00
1.491913710109516122e+00
1.487861867468326604e+00
1.492126806770933900e+00
1.496395877977686473e+00
1.495515433179400722e+00
1.493521557809118994e+00
1.491872028801899619e+00
1.490666684486451343e+00
1.489898482917678457e+00
1.490529846283986215e+00
1.492806311830137345e+00
1.493402468382421633e+00
1.493898375947644297e+00
1.493009860140036560e+00
1.491339259244379933e+00
1.490634093313968789e+00
1.490444338734914886e+00
1.492137672119768332e+00
1.493119922436296099e+00
1.492765393607380142e+00
1.492709126900041205e+00
1.488508312724032390e+00
1.486405762535399466e+00
1.500889456004302236e+00
1.514164924794664024e+00
1.579331795578633901e+00
1.638996989727794507e+00
1.665883324392408271e+00
1.665499172443037468e+00
1.663616371034906560e+00
1.661018434639097263e+00
1.648226045492287239e+00
1.584948930304578507e+00
1.489270259752264236e+00
1.431527314701701581e+00
1.412944710172555185e+00
1.413181305447650304e+00
1.413137379126750748e+00
1.415744763977943244e+00
1.417548314067051951e+00
1.417388997957908181e+00
1.411779884193622658e+00
1.375298377402838224e+00
1.334277296836762883e+00
1.311194246422016096e+00
1.298340048478005437e+00
1.296680940066097909e+00
1.300346799376010498e+00
1.303018988735169303e+00
1.303938137746217807e+00
1.304142429015982430e+00
1.302324011355685762e+00
1.299460167658158083e+00
1.298052003672486521e+00
1.297947949253116295e+00
1.298777767010058204e+00
1.301036935603381517e+00
1.301678907289905984e+00
1.301614474574571467e+00
1.301847156432222485e+00
1.301601309276934515e+00
1.301347763250456646e+00
1.301425922483967934e+00
1.301977394040120029e+00
1.302171648801580206e+00
1.302132877504335262e+00
1.302371476219240654e+00
1.301477482467708446e+00
1.300309391747251686e+00
1.299324918063261558e+00
1.299743367761696078e+00
1.300393629812932161e+00
1.295630146260743132e+00
1.300191313309876140e+00
1.316138397249841052e+00
1.302849198626520932e+00
1.250695082349660980e+00
1.240491844920508235e+00
1.120771325954954323e+00
1.017572322927854822e+00
1.000890184797970539e+00
1.000044358945302747e+00
1.000002242909239447e+00
1.000000112974486433e+00
1.000000005710673490e+00
1.000000000289334556e+00
1.000000000014668489e+00
1.000000000000744071e+00
1.000000000000037748e+00
1.000000000000001554e+00
1.000000000000000000e+00
1.000000000000000000e+00
1.000000000000000000e+00
1.000000000000000000e+00
1.000000000000000000e+00
1.000000000000000000e+00
1.000000000000000000e+00
1.000000000000000000e+00
1.000000000000000000e+00
1.000000000000000000e+00
1.000000000000000000e+00
1.000000000000000000e+00
1.000000000000000000e+00
1.000000000000000000e+00
1.000000000000000000e+00
1.000000000000000000e+00
1.000000000000000000e+00
1.000000000000000000e+00
1.000000000000000000e+00
1.000000000000000000e+00
1.000000000000000000e+00
1.000000000000000000e+00
1.000000000000000000e+00
1.000000000000000000e+00
1.000000000000000000e+00
1.000000000000000000e+00
1.000000000000000000e+00
1.000000000000000000e+00
1.000000000000000000e+00
1.000000000000000000e+00
1.000000000000000000e+00
1.000000000000000000e+00
1.000000000000000000e+00
1.000000000000000000e+00
1.000000000000000000e+00
1.000000000000000000e+00
1.000000000000000000e+00
1.000000000000000000e+00
1.000000000000000000e+00
1.000000000000000000e+00
1.000000000000000000e+00
1.000000000000000000e+00
1.000000000000000000e+00
1.000000000000000000e+00
1.000000000000000000e+00
1.000000000000000000e+00
1.000000000000000000e+00
1.000000000000000000e+00
1.000000000000000000e+00
1.000000000000000000e+00
1.000000000000000000e+00
1.000000000000000000e+00
1.000000000000000000e+00
1.000000000000000000e+00
1.000000000000000000e+00
1.000000000000000000e+00
1.000000000000000000e+00
1.000000000000000000e+00
1.000000000000000000e+00
