1.080000000000000071e+00
1.080000000000000071e+00
1.080000000000000071e+00
1.080000000000000071e+00
1.080000000000000071e+00
1.080000000000000071e+00
1.080000000000000071e+00
1.080000000000000071e+00
1.080000000000000071e+00
1.080000000000000071e+00
1.080000000000000071e+00
1.080000000000000071e+00
1.080000000000000071e+00
1.080000000000000071e+00
1.080000000000000071e+00
1.080000000000000071e+00
1.080000000000000071e+00
1.080000000000000071e+00
1.080000000000000071e+00
1.080000000000000071e+00
1.080000000000000071e+00
1.080000000000000071e+00
1.080000000000000071e+00
1.080000000000000071e+00
1.080000000000000071e+00
1.080000000000000071e+00
1.080000000000000071e+00
1.080000000000000071e+00
1.080000000000000071e+00
1.080000000000000071e+00
1.080000000000000071e+00
1.080000000000000071e+00
1.080000000000000071e+00
1.080000000000000071e+00
1.080000000000000071e+00
1.080000000000000071e+00
1.080000000000000071e+00
1.080000000000000071e+00
1.080000000000000071e+00
1.080000000000000071e+00
1.080000000000000071e+00
1.080000000000000071e+00
1.080000000000000071e+00
1.080000000000000071e+00
1.080000000000000071e+00
1.080000000000000071e+00
1.080000000000000071e+00
1.080000000000000071e+00
1.080000000000000071e+00
1.080000000000000071e+00
1.080000000000000071e+00
1.080000000000000071e+00
1.080000000000000071e+00
1.080000000000000071e+00
1.080000000000000071e+00
1.080000000000000071e+00
1.080000000000000071e+00
1.080000000000000071e+00
1.080000000000000071e+00
1.080000000000000071e+00
1.080000000000000071e+00
1.080000000000000071e+00
1.080000000000000071e+00
1.080000000000000071e+00
1.080000000000000071e+00
1.080000000000000071e+00
1.080000000000000071e+00
1.080000000000001181e+00
1.080000000000018279e+00
1.080000000000238991e+00
1.080000000003048743e+00
1.080000000038672692e+00
1.080000000489001355e+00
1.080000006188717387e+00
1.080000078249342854e+00
1.080000990072777611e+00
1.080012544938087071e+00
1.080158721596303106e+00
1.082009246285578152e+00
1.104090522808270247e+00
1.252994919681827302e+00
1.456314488714242739e+00
1.474350918490325180e+00
1.491175784993364006e+00
1.489566006034365842e+00
1.492590779386379740e+00
1.495428076668114503e+00
1.495671051635838689e+00
1.492367083937123917e+00
1.490176185442090961e+00
1.489508715388283555e+00
1.490589699560563197e+00
1.492732908124106750e+00
1.494380743451113158e+00
1.494327666122171383e+00
1.492763679222060214e+00
1.490832834263141615e+00
1.489788347396319157e+00
1.490116024861276367e+00
1.491372648076817242e+00
1.492608219780441559e+00
1.493603884224454337e+00
1.494032949587094539e+00
1.492906066168402157e+00
1.488945802371374194e+00
1.494940119719015748e+00
1.523695152015736243e+00
1.584779291125230305e+00
1.632940496547713893e+00
1.659087462970818994e+00
1.668684330405872496e+00
1.662614642277169263e+00
1.623810593109504596e+00
1.549667651245371314e+00
1.480154456296217447e+00
1.441760112239495850e+00
1.421590390869063469e+00
1.416039579321547004e+00
1.415382823306196247e+00
1.415496832886475653e+00
1.411208368604292662e+00
1.396585841333049860e+00
1.362911927531246459e+00
1.332009255927226299e+00
1.312269349694223708e+00
1.303935061547287999e+00
1.301866742580830127e+00
1.301990782672957536e+00
1.302054064203119310e+00
1.301574581087452831e+00
1.300910603290828194e+00
1.300899619076553604e+00
1.301304434263166998e+00
1.301551672971792417e+00
1.301299325205158341e+00
1.300401676292950004e+00
1.299799081747773588e+00
1.299679623487451474e+00
1.299991491515458009e+00
1.299929741668385930e+00
1.300242530720604028e+00
1.301318287207102076e+00
1.301879144385396980e+00
1.301285992155737814e+00
1.300873789942605496e+00
1.300933038592281932e+00
1.299981585792158167e+00
1.300981150291659283e+00
1.300096690768549834e+00
1.302579704617537582e+00
1.287203927102595458e+00
1.270073503324386177e+00
1.186906428781684397e+00
1.075582660365042020e+00
1.017461718485382471e+00
1.003528964919014665e+00
1.000818152167338493e+00
1.000147144021093837e+00
1.000034210225802855e+00
1.000006230826655074e+00
1.000001436366412033e+00
1.000000261178998429e+00
1.000000059280015785e+00
1.000000010727487787e+00
1.000000002418936607e+00
1.000000000429649649e+00
1.000000000097116537e+00
1.000000000016919577e+00
1.000000000003781420e+00
1.000000000000651701e+00
1.000000000000143663e+00
1.000000000000023759e+00
1.000000000000004885e+00
1.000000000000000444e+00
1.000000000000000000e+00
1.000000000000000000e+00
1.000000000000000000e+00
1.000000000000000000e+00
1.000000000000000000e+00
1.000000000000000000e+00
1.000000000000000000e+00
1.000000000000000000e+00
1.000000000000000000e+00
1.000000000000000000e+00
1.000000000000000000e+00
1.000000000000000000e+00
1.000000000000000000e+00
1.000000000000000000e+00
1.000000000000000000e+00
1.000000000000000000e+00
1.000000000000000000e+00
1.000000000000000000e+00
1.000000000000000000e+00
1.000000000000000000e+00
1.000000000000000000e+00
1.000000000000000000e+00
1.000000000000000000e+00
1.000000000000000000e+00
1.000000000000000000e+00
1.000000000000000000e+00
1.000000000000000000e+00
1.000000000000000000e+00
1.000000000000000000e+00
1.000000000000000000e+00
