1.080000000000000071e+00
1.080000000000000071e+00
1.080000000000000071e+00
1.080000000000000071e+00
1.080000000000000071e+00
1.080000000000000071e+00
1.080000000000000071e+00
1.080000000000000071e+00
1.080000000000000071e+00
1.080000000000000071e+00
1.080000000000000071e+00
1.080000000000000071e+00
1.080000000000000071e+00
1.080000000000000071e+00
1.080000000000000071e+00
1.080000000000000071e+00
1.080000000000000071e+00
1.080000000000000071e+00
1.080000000000000071e+00
1.080000000000000071e+00
1.080000000000000071e+00
1.080000000000000071e+00
1.080000000000000071e+00
1.080000000000000071e+00
1.080000000000000071e+00
1.080000000000000071e+00
1.080000000000000071e+00
1.080000000000000071e+00
1.080000000000000071e+00
1.080000000000000071e+00
1.080000000000000071e+00
1.080000000000000071e+00
1.080000000000000071e+00
1.080000000000000071e+00
1.080000000000000071e+00
1.080000000000000071e+00
1.080000000000000071e+00
1.080000000000000071e+00
1.080000000000000071e+00
1.080000000000000071e+00
1.080000000000000071e+00
1.080000000000000071e+00
1.080000000000000071e+00
1.080000000000000071e+00
1.080000000000000071e+00
1.080000000000000071e+00
1.080000000000000071e+00
1.080000000000000071e+00
1.080000000000000071e+00
1.080000000000000071e+00
1.080000000000000071e+00
1.080000000000000071e+00
1.080000000000000071e+00
1.080000000000000071e+00
1.080000000000000071e+00
1.080000000000000071e+00
1.080000000000000071e+00
1.080000000000000071e+00
1.080000000000000071e+00
1.080000000000000071e+00
1.080000000000000071e+00
1.080000000000000071e+00
1.080000000000000071e+00
1.080000000000000071e+00
1.080000000000000071e+00
1.080000000000002069e+00
1.080000000000025384e+00
1.080000000000329363e+00
1.080000000004258442e+00
1.080000000053321418e+00
1.080000000677820315e+00
1.080000008584948379e+00
1.080000108899345390e+00
1.080001382818804867e+00
1.080017539145569971e+00
1.080220486244235722e+00
1.082757005338919942e+00
1.112141605550093892e+00
1.285849444966048027e+00
1.465662180704371709e+00
1.476545630830641054e+00
1.490845097258971075e+00
1.489134178537173447e+00
1.491526876464539741e+00
1.494316965733877511e+00
1.495648798581606487e+00
1.493994320950847943e+00
1.491640101062468915e+00
1.489718693925972559e+00
1.490029622775586704e+00
1.491624440638340987e+00
1.492882179013127919e+00
1.493438406459381307e+00
1.492821551541906766e+00
1.491585399639439036e+00
1.490683796094797176e+00
1.490801598213465917e+00
1.492000876850401392e+00
1.493404642865839627e+00
1.493858610028507616e+00
1.492909562554156411e+00
1.491646313170832627e+00
1.491118754852426509e+00
1.492363547324296214e+00
1.490524999597581335e+00
1.492454060522679704e+00
1.505053049863669168e+00
1.548602958762147930e+00
1.609637887436445425e+00
1.640630305550571544e+00
1.658772670537583815e+00
1.667257049258798585e+00
1.664300727313997585e+00
1.638311004760652168e+00
1.571843272338453001e+00
1.499572175264198615e+00
1.448424185238524675e+00
1.424858642430161249e+00
1.415546578613482653e+00
1.413857591905326672e+00
1.414815885983487398e+00
1.414537973257770087e+00
1.410500690537068724e+00
1.396046566817690682e+00
1.363563253220423377e+00
1.335727928973342360e+00
1.316574935298091775e+00
1.306799736444906657e+00
1.302246560609674475e+00
1.300313662568320261e+00
1.299800434276853434e+00
1.300320122179545068e+00
1.301035700547153118e+00
1.301666111614860455e+00
1.301874957101559982e+00
1.301473082311619622e+00
1.300666237361864264e+00
1.300306375675030823e+00
1.300792747913839476e+00
1.301038367549269381e+00
1.300712063428144161e+00
1.300665544526057982e+00
1.301019346624640693e+00
1.300994964822005162e+00
1.301061870529211628e+00
1.301065264371659369e+00
1.300593503717169419e+00
1.299904128180330298e+00
1.300779612787150485e+00
1.302011054025010939e+00
1.300454344011532815e+00
1.299099420956896456e+00
1.300967069506969942e+00
1.304674202973914898e+00
1.299428593869257575e+00
1.290646266319429358e+00
1.266970288560731239e+00
1.195149474491423724e+00
1.083179461285996847e+00
1.019547857690170645e+00
1.004203333797254238e+00
1.000846974122807653e+00
1.000184237061836789e+00
1.000034360811311362e+00
1.000007710173870246e+00
1.000001441971106741e+00
1.000000328405614036e+00
1.000000060223767751e+00
1.000000013712942559e+00
1.000000002482852146e+00
1.000000000566519720e+00
1.000000000100381481e+00
1.000000000023049784e+00
1.000000000003997247e+00
1.000000000000910827e+00
1.000000000000156763e+00
1.000000000000032641e+00
1.000000000000006217e+00
1.000000000000001332e+00
1.000000000000000000e+00
1.000000000000000000e+00
1.000000000000000000e+00
1.000000000000000000e+00
1.000000000000000000e+00
1.000000000000000000e+00
1.000000000000000000e+00
1.000000000000000000e+00
1.000000000000000000e+00
1.000000000000000000e+00
1.000000000000000000e+00
1.000000000000000000e+00
1.000000000000000000e+00
1.000000000000000000e+00
1.000000000000000000e+00
1.000000000000000000e+00
1.000000000000000000e+00
1.000000000000000000e+00
1.000000000000000000e+00
1.000000000000000000e+00
1.000000000000000000e+00
1.000000000000000000e+00
1.000000000000000000e+00
1.000000000000000000e+00
1.000000000000000000e+00
