1.080000000000000071e+00
1.080000000000000071e+00
1.080000000000000071e+00
1.080000000000000071e+00
1.080000000000000071e+00
1.080000000000000071e+00
1.080000000000000071e+00
1.080000000000000071e+00
1.080000000000000071e+00
1.080000000000000071e+00
1.080000000000000071e+00
1.080000000000000071e+00
1.080000000000000071e+00
1.080000000000000071e+00
1.080000000000000071e+00
1.080000000000000071e+00
1.080000000000000071e+00
1.080000000000000071e+00
1.080000000000000071e+00
1.080000000000000071e+00
1.080000000000000071e+00
1.080000000000000071e+00
1.080000000000000071e+00
1.080000000000000071e+00
1.080000000000000071e+00
1.080000000000000071e+00
1.080000000000000071e+00
1.080000000000000071e+00
1.080000000000000071e+00
1.080000000000000071e+00
1.080000000000000071e+00
1.080000000000000071e+00
1.080000000000000071e+00
1.080000000000000071e+00
1.080000000000000071e+00
1.080000000000000071e+00
1.080000000000000071e+00
1.080000000000000071e+00
1.080000000000000071e+00
1.080000000000000071e+00
1.080000000000000071e+00
1.080000000000000071e+00
1.080000000000000071e+00
1.080000000000000071e+00
1.080000000000000071e+00
1.080000000000000071e+00
1.080000000000000071e+00
1.080000000000000071e+00
1.080000000000000071e+00
1.080000000000000071e+00
1.080000000000000071e+00
1.080000000000000071e+00
1.080000000000000071e+00
1.080000000000000071e+00
1.080000000000000071e+00
1.080000000000000071e+00
1.080000000000000071e+00
1.080000000000000071e+00
1.080000000000000071e+00
1.079999999999999627e+00
1.079999999999999627e+00
1.079999999999999849e+00
1.080000000000000071e+00
1.080000000000000293e+00
1.080000000000015170e+00
1.080000000000187255e+00
1.080000000002374838e+00
1.080000000030168827e+00
1.080000000381741820e+00
1.080000004834633653e+00
1.080000061089876340e+00
1.080000770066657179e+00
1.080009688099851761e+00
1.080121693710331510e+00
1.081511000707573000e+00
1.097925267636021607e+00
1.228868588823815777e+00
1.444745316605310137e+00
1.475521458499523320e+00
1.489911369680348097e+00
1.489662748460064634e+00
1.494604567939542328e+00
1.495513236652788791e+00
1.495556158463311913e+00
1.491076487319442201e+00
1.488383497148560330e+00
1.488793092732170198e+00
1.491513464157715685e+00
1.493860431014212731e+00
1.494764025335367119e+00
1.494058280305420094e+00
1.492369821230264293e+00
1.490338067030198665e+00
1.489284985223540581e+00
1.490268304886279704e+00
1.492237207503436469e+00
1.493577817556323240e+00
1.493597085173561823e+00
1.492555587581266829e+00
1.491326355326629383e+00
1.490908029681211833e+00
1.491799871812651723e+00
1.493277023584054009e+00
1.494479209835662292e+00
1.492926704428604978e+00
1.489934755073524908e+00
1.495642304410527146e+00
1.521600266683625691e+00
1.583399462466717367e+00
1.632182128575073055e+00
1.650714794035057276e+00
1.662399142552487996e+00
1.666053662276277603e+00
1.660310380930118068e+00
1.635160714165176721e+00
1.574603515239997087e+00
1.502826604839802238e+00
1.451999196771590839e+00
1.428110806075386430e+00
1.417629165085315224e+00
1.414997493521809702e+00
1.414490432565739919e+00
1.415070578716928207e+00
1.414532075022876700e+00
1.406899196749710201e+00
1.384466340132424422e+00
1.353241188159530539e+00
1.328280027917125627e+00
1.312509949904830053e+00
1.305895811168056753e+00
1.302763146627161639e+00
1.302454882072376696e+00
1.301608298934968433e+00
1.300741891409122442e+00
1.300482407069281976e+00
1.300585029308334084e+00
1.300507924028107887e+00
1.300277668026744937e+00
1.300612236295654700e+00
1.301097512585996929e+00
1.301296555738196137e+00
1.301160969112233889e+00
1.301270391715297681e+00
1.301171412318182119e+00
1.301281138340350862e+00
1.301938659579123803e+00
1.301976204982096208e+00
1.300861563960352907e+00
1.300033200654609367e+00
1.300222671386063178e+00
1.300066011446894265e+00
1.299690722779855534e+00
1.300189488511377167e+00
1.301215797208845171e+00
1.302034802247240997e+00
1.301580523116222743e+00
1.299699784456585849e+00
1.301451693224128681e+00
1.303811538932264202e+00
1.291388814223994430e+00
1.279353572944175621e+00
1.214714663701176756e+00
1.105987601476122517e+00
1.025338675847634384e+00
1.006571056956391486e+00
1.001303254684386967e+00
1.000236088382218780e+00
1.000054268779724920e+00
1.000010145219843105e+00
1.000002263523313895e+00
1.000000429692662340e+00
1.000000094336750411e+00
1.000000018141935287e+00
1.000000003934064630e+00
1.000000000749101225e+00
1.000000000164688041e+00
1.000000000030306868e+00
1.000000000006777912e+00
1.000000000001218581e+00
1.000000000000268674e+00
1.000000000000048184e+00
1.000000000000009992e+00
1.000000000000001776e+00
1.000000000000000222e+00
1.000000000000000000e+00
1.000000000000000000e+00
1.000000000000000000e+00
1.000000000000000000e+00
1.000000000000000000e+00
1.000000000000000000e+00
1.000000000000000000e+00
1.000000000000000000e+00
1.000000000000000000e+00
1.000000000000000000e+00
1.000000000000000000e+00
1.000000000000000000e+00
1.000000000000000000e+00
1.000000000000000000e+00
1.000000000000000000e+00
1.000000000000000000e+00
1.000000000000000000e+00
1.000000000000000000e+00
1.000000000000000000e+00
1.000000000000000000e+00
