1.079999999999997851e+00
1.079999999999997851e+00
1.079999999999997851e+00
1.079999999999997851e+00
1.079999999999997851e+00
1.079999999999997184e+00
1.079999999999996962e+00
1.079999999999996518e+00
1.079999999999996740e+00
1.079999999999995630e+00
1.079999999999994964e+00
1.079999999999996074e+00
1.079999999999997407e+00
1.079999999999997851e+00
1.079999999999997629e+00
1.079999999999995630e+00
1.079999999999996074e+00
1.079999999999997407e+00
1.079999999999997629e+00
1.079999999999996296e+00
1.079999999999995630e+00
1.079999999999994964e+00
1.079999999999995630e+00
1.079999999999996962e+00
1.079999999999996740e+00
1.079999999999996074e+00
1.079999999999996296e+00
1.079999999999996740e+00
1.079999999999996518e+00
1.079999999999996074e+00
1.079999999999995852e+00
1.079999999999995630e+00
1.079999999999994964e+00
1.079999999999994298e+00
1.079999999999994520e+00
1.079999999999995186e+00
1.079999999999996518e+00
1.079999999999997184e+00
1.079999999999996740e+00
1.079999999999997184e+00
1.079999999999997851e+00
1.079999999999997629e+00
1.079999999999997407e+00
1.079999999999996074e+00
1.079999999999996518e+00
1.079999999999997407e+00
1.079999999999997851e+00
1.079999999999997629e+00
1.079999999999997407e+00
1.079999999999997407e+00
1.079999999999997407e+00
1.079999999999997407e+00
1.079999999999996962e+00
1.079999999999997629e+00
1.079999999999997851e+00
1.079999999999997407e+00
1.079999999999995186e+00
1.079999999999994298e+00
1.079999999999995408e+00
1.079999999999996074e+00
1.079999999999996740e+00
1.079999999999996962e+00
1.079999999999997184e+00
1.079999999999997407e+00
1.079999999999997407e+00
1.079999999999997184e+00
1.079999999999996518e+00
1.079999999999994742e+00
1.079999999999994076e+00
1.079999999999995852e+00
1.079999999999996518e+00
1.079999999999996518e+00
1.079999999999996518e+00
1.079999999999995630e+00
1.079999999999995408e+00
1.079999999999998295e+00
1.079999999999994298e+00
1.079999999999999405e+00
1.079999999999994520e+00
1.079999999999979643e+00
1.080000000000061355e+00
1.079999999999824212e+00
1.080000000000172156e+00
1.080000000000400195e+00
1.079999999998843663e+00
1.079999999998517479e+00
1.080000000006535954e+00
1.080000000050920228e+00
1.079999999857744308e+00
1.080000000179802910e+00
1.080000005773452898e+00
1.080000086975750451e+00
1.080001296045813408e+00
1.080019181356223656e+00
1.080285772149009560e+00
1.084269306041119263e+00
1.138849470563350508e+00
1.361132193690088643e+00
1.460612083604651890e+00
1.508703974712883644e+00
1.487462476430000180e+00
1.498041313037757449e+00
1.493114924433525781e+00
1.492203492189561276e+00
1.487266942862428332e+00
1.489539332365376278e+00
1.490929299052149659e+00
1.494119446913063864e+00
1.495544896446467931e+00
1.494341739849969208e+00
1.492154557604256526e+00
1.490859218057660307e+00
1.491000637589677158e+00
1.491300092629276097e+00
1.491292481333559294e+00
1.491725245100784081e+00
1.492328577081476038e+00
1.492784584942125514e+00
1.492373995937296804e+00
1.491953796339189120e+00
1.491773445125408770e+00
1.492046026319636454e+00
1.492600277802703879e+00
1.493107116451884320e+00
1.493622415057269670e+00
1.492559365429341867e+00
1.490616797659631176e+00
1.489622547358980587e+00
1.490843385449214242e+00
1.492845094409503304e+00
1.494508919108368694e+00
1.493923376239096656e+00
1.492988595955099473e+00
1.492041092063171259e+00
1.491314846265845206e+00
1.490583369364486543e+00
1.490142296790152532e+00
1.492760092168502029e+00
1.491099953128505184e+00
1.501818215897353870e+00
1.544264229767797092e+00
1.611957708025124392e+00
1.660349289493823655e+00
1.657506136537843178e+00
1.653350914189825938e+00
1.653994129497673882e+00
1.656535644005674657e+00
1.658790064853401969e+00
1.657384584510329661e+00
1.648052013262425897e+00
1.619755771498328834e+00
1.557535760950564008e+00
1.489482234782724790e+00
1.442784188788743371e+00
1.425193194663623153e+00
1.418642495585231034e+00
1.415035159818530452e+00
1.412609019472174321e+00
1.411653426436428216e+00
1.412981138586015373e+00
1.415882076207018336e+00
1.418299603965851086e+00
1.417177837037682853e+00
1.408611684689841326e+00
1.391941109333951987e+00
1.357876173323323776e+00
1.327268298975261107e+00
1.313035099469718858e+00
1.304876849911082326e+00
1.301557339804728208e+00
1.301842877992053005e+00
1.302001280212619072e+00
1.302069264115238711e+00
1.302171221508669818e+00
1.302236667336476694e+00
1.301814596101046995e+00
1.300673529352053714e+00
1.299788899719468427e+00
1.298955766646932020e+00
1.298384236433149486e+00
1.298545782316146369e+00
1.299456780952442436e+00
1.300754165221335690e+00
1.302126733389873170e+00
1.302616655403954660e+00
1.303076762339328454e+00
1.303075197560877196e+00
1.302552130142724085e+00
1.301498404804653841e+00
1.300515309788882856e+00
1.299590132864641534e+00
1.299552896991717166e+00
1.299609573181688127e+00
1.300072072940779755e+00
1.300653304828787382e+00
1.301385697654723339e+00
1.301466770340184986e+00
1.301520293891973878e+00
1.301394251334783814e+00
1.301568194025124470e+00
1.301321907257903643e+00
1.301066833898679720e+00
1.300805764736528758e+00
1.300849487421503081e+00
1.300924182067909829e+00
1.300549354912987399e+00
1.300778682584661006e+00
1.299478418991259154e+00
1.301924921852305905e+00
1.297885425655108893e+00
1.302774866399876164e+00
1.290308073008630263e+00
1.298505737450810216e+00
1.264663918181169411e+00
1.201609387519553929e+00
1.084270635566895180e+00
1.013849138498913005e+00
1.002373538091817284e+00
1.000394372785323949e+00
1.000064957956841472e+00
1.000010649299138521e+00
1.000001746032491923e+00
1.000000286460890564e+00
1.000000047033086314e+00
1.000000006991607515e+00
1.000000000170724324e+00
9.999999994955697247e-01
1.000000000015943469e+00
1.000000000141368695e+00
1.000000000021978863e+00
9.999999999692954500e-01
9.999999999909238158e-01
1.000000000006146639e+00
1.000000000003142819e+00
9.999999999989153121e-01
9.999999999990938360e-01
1.000000000000132783e+00
1.000000000000237810e+00
9.999999999999988898e-01
9.999999999999409361e-01
9.999999999999907851e-01
1.000000000000011990e+00
1.000000000000001998e+00
9.999999999999964473e-01
9.999999999999988898e-01
1.000000000000000666e+00
1.000000000000000444e+00
9.999999999999996669e-01
9.999999999999996669e-01
1.000000000000000000e+00
1.000000000000000000e+00
1.000000000000000000e+00
9.999999999999995559e-01
9.999999999999995559e-01
9.999999999999995559e-01
9.999999999999996669e-01
1.000000000000000000e+00
1.000000000000000000e+00
1.000000000000000000e+00
9.999999999999996669e-01
9.999999999999996669e-01
9.999999999999996669e-01
9.999999999999996669e-01
9.999999999999996669e-01
