1.079999999999997851e+00
1.079999999999997851e+00
1.079999999999997851e+00
1.079999999999997851e+00
1.079999999999997851e+00
1.079999999999997184e+00
1.079999999999996740e+00
1.079999999999997407e+00
1.079999999999996518e+00
1.079999999999994964e+00
1.079999999999995408e+00
1.079999999999994298e+00
1.079999999999994520e+00
1.079999999999994742e+00
1.079999999999995852e+00
1.079999999999997184e+00
1.079999999999996962e+00
1.079999999999995630e+00
1.079999999999995852e+00
1.079999999999996740e+00
1.079999999999996518e+00
1.079999999999995852e+00
1.079999999999996074e+00
1.079999999999995852e+00
1.079999999999995186e+00
1.079999999999994964e+00
1.079999999999996074e+00
1.079999999999996962e+00
1.079999999999996074e+00
1.079999999999995408e+00
1.079999999999994520e+00
1.079999999999994298e+00
1.079999999999994298e+00
1.079999999999994742e+00
1.079999999999995186e+00
1.079999999999994520e+00
1.079999999999994076e+00
1.079999999999993854e+00
1.079999999999994076e+00
1.079999999999995852e+00
1.079999999999996074e+00
1.079999999999996074e+00
1.079999999999995852e+00
1.079999999999996074e+00
1.079999999999995852e+00
1.079999999999996518e+00
1.079999999999996074e+00
1.079999999999996962e+00
1.079999999999998073e+00
1.079999999999997407e+00
1.079999999999996296e+00
1.079999999999996740e+00
1.079999999999996962e+00
1.079999999999996074e+00
1.079999999999996962e+00
1.079999999999996518e+00
1.079999999999996962e+00
1.079999999999997184e+00
1.079999999999996740e+00
1.079999999999994742e+00
1.079999999999994520e+00
1.079999999999995630e+00
1.079999999999995408e+00
1.079999999999995186e+00
1.079999999999995852e+00
1.079999999999995852e+00
1.079999999999996074e+00
1.079999999999996962e+00
1.079999999999997851e+00
1.079999999999996518e+00
1.079999999999994298e+00
1.079999999999995186e+00
1.079999999999994964e+00
1.079999999999995852e+00
1.079999999999998739e+00
1.079999999999985416e+00
1.080000000000013838e+00
1.079999999999974092e+00
1.079999999999994742e+00
1.080000000000041815e+00
1.079999999999776916e+00
1.080000000001307470e+00
1.079999999996348548e+00
1.079999999999960769e+00
1.080000000033054519e+00
1.079999999987277581e+00
1.079999999863323179e+00
1.080000000984654651e+00
1.080000021493936035e+00
1.080000314255082028e+00
1.080004655448125295e+00
1.080068948658879036e+00
1.081022443772261088e+00
1.094611590915745669e+00
1.228938603954781161e+00
1.456494672183995753e+00
1.464489651988325258e+00
1.502188008688851717e+00
1.487170801811857013e+00
1.497749559597064906e+00
1.491881590398686841e+00
1.494454583122840852e+00
1.491794846383756701e+00
1.491210295196944369e+00
1.489534596248341503e+00
1.491058634194736721e+00
1.492880711442564845e+00
1.494305665543634420e+00
1.494081433470595854e+00
1.493136752203793272e+00
1.491583506783952462e+00
1.489989319706468196e+00
1.490112029841119234e+00
1.491836144770721795e+00
1.493303408700791701e+00
1.493697765925256604e+00
1.493188445128990738e+00
1.492711656742311988e+00
1.491821709894134429e+00
1.491492220326833262e+00
1.491672605529311024e+00
1.491777910688547593e+00
1.491588591450687007e+00
1.491461852583944925e+00
1.491860587389095771e+00
1.492255736550686329e+00
1.492093938416716892e+00
1.492188855790643531e+00
1.492533782420197852e+00
1.492956765167674726e+00
1.493440075437066028e+00
1.493197736748300475e+00
1.491941244217297013e+00
1.490817343158492569e+00
1.490463818555696429e+00
1.491017745844150699e+00
1.491395293317411497e+00
1.494126814038901241e+00
1.496552412337109894e+00
1.495003898855465252e+00
1.509079249798754185e+00
1.561809733190546057e+00
1.624638525822088120e+00
1.665125715151699604e+00
1.663944484549408909e+00
1.656514526965656042e+00
1.652504189859476336e+00
1.654584021058178589e+00
1.657293591184231030e+00
1.658035125669264698e+00
1.654253426650183822e+00
1.637737854285286732e+00
1.588999199634109960e+00
1.518483733016263493e+00
1.457352554884895790e+00
1.428796834733046639e+00
1.420095870456517861e+00
1.418871910031847650e+00
1.417849912882657826e+00
1.415967164688323177e+00
1.414171745964395210e+00
1.414416746832156679e+00
1.415474013962918054e+00
1.415858401251174570e+00
1.414962519430943200e+00
1.411645603688036488e+00
1.399593118530262581e+00
1.372321544136890115e+00
1.337116334539276474e+00
1.316774797020801024e+00
1.308390584665228396e+00
1.302503908592427706e+00
1.300639846380894804e+00
1.300887331865321350e+00
1.301150394879323269e+00
1.301428743372450070e+00
1.301378168107459876e+00
1.301384756933685827e+00
1.301667539561269349e+00
1.302108471763929520e+00
1.302227308885199664e+00
1.302005303775670697e+00
1.301368730576401678e+00
1.300850364160652362e+00
1.300044617599321661e+00
1.299003458821329948e+00
1.298363367645268607e+00
1.298836655507717541e+00
1.299725875755768589e+00
1.301006563416231332e+00
1.302025473594121241e+00
1.302879049102015019e+00
1.303198630961118321e+00
1.302989786203889944e+00
1.302171620367231331e+00
1.301486035274400210e+00
1.300460723583908962e+00
1.299632677666426872e+00
1.299433152146831416e+00
1.299916107938738685e+00
1.300374507603808460e+00
1.300961986545381421e+00
1.300866833796187283e+00
1.301265253240190267e+00
1.301402971270756437e+00
1.301618116448214124e+00
1.301427112602651981e+00
1.301165240751454233e+00
1.301003034367221645e+00
1.301034624993816502e+00
1.301039576199279679e+00
1.300516946736972157e+00
1.300763795703612002e+00
1.299298551109989264e+00
1.301815366661504658e+00
1.297523261595641131e+00
1.302929449238596105e+00
1.289356936441080625e+00
1.296830546515943983e+00
1.262528082163798082e+00
1.188892939972795437e+00
1.076202061326094084e+00
1.011884335631661358e+00
1.002002605816244785e+00
1.000332912750072190e+00
1.000054967781580650e+00
1.000009024017281423e+00
1.000001479977919772e+00
1.000000242784595983e+00
1.000000039792999784e+00
1.000000005751946031e+00
9.999999999746613799e-01
9.999999995360192573e-01
1.000000000047759130e+00
1.000000000134474432e+00
1.000000000012132517e+00
9.999999999696471686e-01
9.999999999932607242e-01
1.000000000006406653e+00
1.000000000002598144e+00
9.999999999987815302e-01
9.999999999992043032e-01
1.000000000000179856e+00
1.000000000000218492e+00
9.999999999999853451e-01
9.999999999999440448e-01
9.999999999999948930e-01
1.000000000000012434e+00
1.000000000000001776e+00
9.999999999999968914e-01
9.999999999999982236e-01
1.000000000000000000e+00
9.999999999999992228e-01
9.999999999999993339e-01
9.999999999999997780e-01
9.999999999999996669e-01
9.999999999999996669e-01
9.999999999999995559e-01
9.999999999999992228e-01
9.999999999999992228e-01
9.999999999999992228e-01
9.999999999999992228e-01
9.999999999999992228e-01
9.999999999999992228e-01
