1.080000000000000071e+00
1.080000000000000071e+00
1.080000000000000071e+00
1.080000000000000071e+00
1.080000000000000071e+00
1.080000000000000071e+00
1.080000000000000071e+00
1.080000000000000071e+00
1.080000000000000071e+00
1.080000000000000071e+00
1.080000000000000071e+00
1.080000000000000071e+00
1.080000000000000071e+00
1.080000000000000071e+00
1.080000000000000071e+00
1.080000000000000071e+00
1.080000000000000071e+00
1.080000000000000071e+00
1.080000000000000071e+00
1.080000000000000071e+00
1.080000000000000071e+00
1.080000000000000071e+00
1.080000000000000071e+00
1.080000000000000071e+00
1.080000000000000071e+00
1.080000000000000071e+00
1.080000000000000071e+00
1.080000000000000071e+00
1.080000000000000071e+00
1.080000000000000071e+00
1.080000000000000071e+00
1.080000000000000071e+00
1.080000000000000071e+00
1.080000000000000071e+00
1.080000000000000071e+00
1.080000000000000071e+00
1.080000000000000071e+00
1.080000000000000071e+00
1.080000000000000071e+00
1.080000000000000071e+00
1.080000000000000071e+00
1.080000000000000071e+00
1.080000000000000071e+00
1.080000000000000071e+00
1.080000000000000071e+00
1.080000000000000071e+00
1.080000000000000071e+00
1.080000000000000071e+00
1.080000000000000071e+00
1.080000000000000071e+00
1.080000000000000071e+00
1.080000000000000071e+00
1.080000000000000071e+00
1.080000000000000071e+00
1.080000000000000071e+00
1.080000000000000071e+00
1.080000000000000071e+00
1.080000000000000071e+00
1.080000000000000071e+00
1.080000000000000071e+00
1.080000000000000071e+00
1.080000000000000071e+00
1.080000000000000071e+00
1.080000000000000071e+00
1.080000000000000071e+00
1.080000000000000071e+00
1.080000000000000071e+00
1.080000000000000071e+00
1.080000000000000071e+00
1.080000000000000071e+00
1.080000000000000071e+00
1.080000000000000071e+00
1.080000000000000071e+00
1.080000000000000071e+00
1.080000000000000071e+00
1.080000000000000071e+00
1.080000000000000071e+00
1.080000000000000071e+00
1.080000000000000071e+00
1.080000000000000071e+00
1.080000000000000071e+00
1.080000000000003402e+00
1.080000000000166605e+00
1.080000000006636096e+00
1.080000000262588689e+00
1.080000010342919703e+00
1.080000405145792985e+00
1.080016011776051776e+00
1.080649744892651309e+00
1.105184515969113157e+00
1.333438839624553784e+00
1.487557151595824578e+00
1.476948801535257871e+00
1.497343426867633776e+00
1.496942390590528804e+00
1.488997254844065088e+00
1.497589729446991980e+00
1.497497689394368114e+00
1.487896251218525867e+00
1.486566578138375894e+00
1.489935700155727627e+00
1.493279071248590828e+00
1.493915159302384721e+00
1.494778863839342886e+00
1.494076723870122470e+00
1.491782911337129924e+00
1.489592379177435255e+00
1.489776020631171649e+00
1.490455841943921556e+00
1.492473016700057720e+00
1.493103809701266771e+00
1.492910476330616909e+00
1.492848727386850261e+00
1.490949475737447960e+00
1.490680023988870007e+00
1.491688227100044006e+00
1.491972786062485401e+00
1.492880981374927529e+00
1.492994416956124670e+00
1.492588713518443466e+00
1.492084581673805088e+00
1.491471386330500692e+00
1.491409394753562490e+00
1.491595846418638072e+00
1.492570817828610785e+00
1.493381594936110446e+00
1.493366944946898922e+00
1.493070778389791187e+00
1.492158775478325428e+00
1.491619919435251074e+00
1.491684064765873785e+00
1.491861812872357751e+00
1.492863811978577315e+00
1.492714338851117040e+00
1.494237358851356889e+00
1.490587354707289425e+00
1.486872663602378131e+00
1.490520385309926255e+00
1.497724119945425425e+00
1.513653958004384181e+00
1.580985539813790863e+00
1.652865613057058480e+00
1.660304868531762290e+00
1.658185323009168100e+00
1.656651423906905007e+00
1.658336379102472558e+00
1.664798123199088709e+00
1.667016892742163137e+00
1.667374775366901041e+00
1.666484306618551292e+00
1.661112249711435451e+00
1.627172596512842961e+00
1.545795472057927222e+00
1.470071492938863633e+00
1.424851985774023166e+00
1.415881746706742161e+00
1.415049255121915150e+00
1.414873763178632560e+00
1.414480811099533719e+00
1.414969925144315299e+00
1.415895004330061768e+00
1.417597585288976170e+00
1.418483904299560283e+00
1.419220997149213792e+00
1.419483371303220443e+00
1.420354289983568385e+00
1.415609739626189301e+00
1.384098309291202034e+00
1.343727723773506799e+00
1.316645729314039226e+00
1.301433156434649963e+00
1.295031773651555751e+00
1.295630734539690687e+00
1.298297813259235767e+00
1.299908137863873714e+00
1.300159673555823625e+00
1.300913631041785257e+00
1.301141602551709964e+00
1.301243417410690606e+00
1.301181694426807756e+00
1.301220904327821781e+00
1.300844925620216586e+00
1.300822973348387812e+00
1.301162668884201956e+00
1.301221979170348320e+00
1.301685506634586265e+00
1.302078454240527483e+00
1.302173006121361887e+00
1.302107619489263790e+00
1.301898402125609477e+00
1.301477867783976228e+00
1.301250488440556685e+00
1.301087177903413883e+00
1.300984536746353282e+00
1.300785316931194258e+00
1.300630715363994439e+00
1.300570447209210556e+00
1.300511685339501122e+00
1.300392298449466910e+00
1.300538718070133770e+00
1.300739382736916028e+00
1.301024635528529760e+00
1.301009697732809389e+00
1.301129037564683344e+00
1.301015028989699562e+00
1.300798038773087972e+00
1.300740366335170428e+00
1.300841671648166331e+00
1.300969491796581057e+00
1.301263645515150058e+00
1.301644449264259151e+00
1.301708106552183164e+00
1.301788041922536276e+00
1.301645646476021767e+00
1.301899438227136052e+00
1.302087983082029110e+00
1.301374734601195016e+00
1.302604349799587391e+00
1.301085844454770157e+00
1.296976857885991263e+00
1.299405881821972031e+00
1.311841123851603452e+00
1.294169202870121493e+00
1.216489599920315579e+00
1.180653231854171148e+00
1.045811377209220350e+00
1.002665868510646652e+00
1.000137685493617479e+00
1.000006924114256179e+00
1.000000350339096178e+00
1.000000017709636868e+00
1.000000000895413965e+00
1.000000000045334181e+00
1.000000000002295053e+00
1.000000000000115463e+00
1.000000000000005551e+00
1.000000000000000222e+00
1.000000000000000000e+00
1.000000000000000000e+00
1.000000000000000000e+00
1.000000000000000000e+00
1.000000000000000000e+00
1.000000000000000000e+00
1.000000000000000000e+00
1.000000000000000000e+00
1.000000000000000000e+00
1.000000000000000000e+00
1.000000000000000000e+00
1.000000000000000000e+00
1.000000000000000000e+00
1.000000000000000000e+00
1.000000000000000000e+00
1.000000000000000000e+00
1.000000000000000000e+00
1.000000000000000000e+00
1.000000000000000000e+00
1.000000000000000000e+00
1.000000000000000000e+00
1.000000000000000000e+00
1.000000000000000000e+00
