1.080000000000000071e+00
1.080000000000000071e+00
1.080000000000000071e+00
1.080000000000000071e+00
1.080000000000000071e+00
1.080000000000000071e+00
1.080000000000000071e+00
1.080000000000000071e+00
1.080000000000000071e+00
1.080000000000000071e+00
1.080000000000000071e+00
1.080000000000000071e+00
1.080000000000000071e+00
1.080000000000000071e+00
1.080000000000000071e+00
1.080000000000000071e+00
1.080000000000000071e+00
1.080000000000000071e+00
1.080000000000000071e+00
1.080000000000000071e+00
1.080000000000000071e+00
1.080000000000000071e+00
1.080000000000000071e+00
1.080000000000000071e+00
1.080000000000000071e+00
1.080000000000000071e+00
1.080000000000000071e+00
1.080000000000000071e+00
1.080000000000000071e+00
1.080000000000000071e+00
1.080000000000000071e+00
1.080000000000000071e+00
1.080000000000000071e+00
1.080000000000000071e+00
1.080000000000000071e+00
1.080000000000000071e+00
1.080000000000000071e+00
1.080000000000000071e+00
1.080000000000000071e+00
1.080000000000000071e+00
1.080000000000000071e+00
1.080000000000000071e+00
1.080000000000000071e+00
1.080000000000000071e+00
1.080000000000000071e+00
1.080000000000000071e+00
1.080000000000000071e+00
1.080000000000000071e+00
1.080000000000000071e+00
1.080000000000000071e+00
1.080000000000000071e+00
1.080000000000000071e+00
1.080000000000000071e+00
1.080000000000000071e+00
1.080000000000000071e+00
1.080000000000000737e+00
1.080000000000008953e+00
1.080000000000107985e+00
1.080000000001433147e+00
1.080000000017813822e+00
1.080000000225690426e+00
1.080000002839810236e+00
1.080000035792189061e+00
1.080000451180779475e+00
1.080005699604416280e+00
1.080072198514449688e+00
1.080910923518060507e+00
1.091334491843229282e+00
1.185192162663566418e+00
1.412532967571004772e+00
1.471443493928946689e+00
1.489559079368127037e+00
1.492236483837393379e+00
1.493305111854206224e+00
1.494102185369387215e+00
1.495251623307588318e+00
1.491908544610217824e+00
1.489396401696452488e+00
1.490005465119825567e+00
1.492366738138772853e+00
1.493611611340464274e+00
1.493917021878817808e+00
1.493480102524345376e+00
1.492058882765648686e+00
1.490563759285533862e+00
1.490349659878067445e+00
1.491242543101783058e+00
1.492448829964820867e+00
1.493110796763046588e+00
1.492958370500469645e+00
1.492383410203308447e+00
1.491817918307470681e+00
1.491541740169213925e+00
1.491483773291757409e+00
1.491701379231740177e+00
1.492084249058518219e+00
1.492426862982268787e+00
1.492575514170420670e+00
1.492336455255375061e+00
1.492063697560492397e+00
1.492167056485549148e+00
1.492504365137849121e+00
1.492669619801790137e+00
1.492210747250698244e+00
1.491764389610545471e+00
1.492187985397603445e+00
1.491761682265644762e+00
1.491650301660207401e+00
1.494962289926943244e+00
1.519027804129477577e+00
1.581743678638978245e+00
1.635475649834571499e+00
1.645805095756436742e+00
1.651074546887202121e+00
1.658063855855113733e+00
1.664596732901102882e+00
1.666974264759528257e+00
1.662550086463773891e+00
1.645980723179897964e+00
1.606195116680467772e+00
1.540739516318880398e+00
1.479427790429519440e+00
1.445841576410183293e+00
1.426349845723796861e+00
1.418404135944545619e+00
1.414827968012820847e+00
1.414927042704064108e+00
1.416570656870181466e+00
1.417534516054853144e+00
1.417089638100319959e+00
1.414751785414590568e+00
1.409633539085421550e+00
1.393603311939628053e+00
1.367458474194465312e+00
1.340642385212448495e+00
1.320888092303598160e+00
1.308673039300965124e+00
1.303951227974706750e+00
1.302363674359418910e+00
1.302314938947281675e+00
1.301517110196220184e+00
1.300968208915599833e+00
1.300660049107628780e+00
1.300458242464596514e+00
1.300246713637350338e+00
1.300115354554046032e+00
1.300298873343554540e+00
1.300873816635222058e+00
1.301469170487024929e+00
1.301830159285942479e+00
1.302424330537105490e+00
1.302531160486725570e+00
1.301925858266239189e+00
1.301047992692631494e+00
1.300278578393675444e+00
1.300030255930480605e+00
1.300531135266356220e+00
1.300980376690454854e+00
1.301135613480953968e+00
1.301257417671704442e+00
1.301098523925628081e+00
1.300776414209662279e+00
1.300813941216940162e+00
1.301505286780047177e+00
1.301970597789871675e+00
1.302192126996511323e+00
1.301983866998393191e+00
1.300969991856767649e+00
1.299588613308747531e+00
1.299506637800750042e+00
1.299818998337577636e+00
1.300373907164767306e+00
1.301126093024075114e+00
1.302446203743182540e+00
1.300513258606406986e+00
1.301044097518209153e+00
1.301800240352221083e+00
1.295583790925983969e+00
1.293081120304495180e+00
1.259000462828097078e+00
1.168090553301717627e+00
1.064547858348616316e+00
1.014331446356623978e+00
1.002856876546088793e+00
1.000648036118820361e+00
1.000127068552228771e+00
1.000028551028276036e+00
1.000005760631236029e+00
1.000001086016101270e+00
1.000000248647798351e+00
1.000000047141210491e+00
1.000000010415000640e+00
1.000000001949893580e+00
1.000000000440585790e+00
1.000000000080595752e+00
1.000000000018718582e+00
1.000000000003318679e+00
1.000000000000782041e+00
1.000000000000139444e+00
1.000000000000031752e+00
1.000000000000005773e+00
1.000000000000000444e+00
1.000000000000000444e+00
1.000000000000000444e+00
