1.079999999999996074e+00
1.079999999999996074e+00
1.079999999999996074e+00
1.079999999999996074e+00
1.079999999999996074e+00
1.079999999999995630e+00
1.079999999999995852e+00
1.079999999999996518e+00
1.079999999999996074e+00
1.079999999999996296e+00
1.079999999999996740e+00
1.079999999999996518e+00
1.079999999999994742e+00
1.079999999999994298e+00
1.079999999999993410e+00
1.079999999999993410e+00
1.079999999999993410e+00
1.079999999999993410e+00
1.079999999999993410e+00
1.079999999999992522e+00
1.079999999999992299e+00
1.079999999999991855e+00
1.079999999999991633e+00
1.079999999999992966e+00
1.079999999999994742e+00
1.079999999999993854e+00
1.079999999999993632e+00
1.079999999999993410e+00
1.079999999999994076e+00
1.079999999999994298e+00
1.079999999999994298e+00
1.079999999999994298e+00
1.079999999999993188e+00
1.079999999999993188e+00
1.079999999999994076e+00
1.079999999999993410e+00
1.079999999999992522e+00
1.079999999999992966e+00
1.079999999999993410e+00
1.079999999999992966e+00
1.079999999999992522e+00
1.079999999999992744e+00
1.079999999999992966e+00
1.079999999999992966e+00
1.079999999999993410e+00
1.079999999999992522e+00
1.079999999999991189e+00
1.079999999999991633e+00
1.079999999999993410e+00
1.079999999999994742e+00
1.079999999999994298e+00
1.079999999999993410e+00
1.079999999999992966e+00
1.079999999999993410e+00
1.079999999999994298e+00
1.079999999999994076e+00
1.079999999999993854e+00
1.079999999999994076e+00
1.079999999999994742e+00
1.079999999999994298e+00
1.079999999999993632e+00
1.079999999999993854e+00
1.079999999999993410e+00
1.079999999999992522e+00
1.079999999999992522e+00
1.079999999999994520e+00
1.079999999999991189e+00
1.079999999999998961e+00
1.079999999999989857e+00
1.079999999999987859e+00
1.080000000000046922e+00
1.079999999999832205e+00
1.080000000000204574e+00
1.080000000000152394e+00
1.079999999999568860e+00
1.079999999997915960e+00
1.080000000003697114e+00
1.080000000052727671e+00
1.079999999877136352e+00
1.080000000083390033e+00
1.080000004303311112e+00
1.080000066772887513e+00
1.080000991889960238e+00
1.080014665511122463e+00
1.080217942053772084e+00
1.083290027930059907e+00
1.126932334634870081e+00
1.338382552160434225e+00
1.453215999818473936e+00
1.512523121704436146e+00
1.488864002489546090e+00
1.498887543831054270e+00
1.489909235012903288e+00
1.492554848495722064e+00
1.489254485827238739e+00
1.491187334069818071e+00
1.491469517549164125e+00
1.493348144915938924e+00
1.493358601557426946e+00
1.493026407754778351e+00
1.491762630362027942e+00
1.491338039186006714e+00
1.491518170573356672e+00
1.492147146030872173e+00
1.492859672416443129e+00
1.493165124268767574e+00
1.492632101370612974e+00
1.491683662863841686e+00
1.490907263174240605e+00
1.490823045349037201e+00
1.491783940654038298e+00
1.492896610593129392e+00
1.493586704392253495e+00
1.493607738181746081e+00
1.492777992388206965e+00
1.491476014231597036e+00
1.490480926801721395e+00
1.490504633947764335e+00
1.491650690514641386e+00
1.492926568478638361e+00
1.493025326149657772e+00
1.492522819138540457e+00
1.492168063918194232e+00
1.492000726911360875e+00
1.491880424455346521e+00
1.491930919515903620e+00
1.492537903985030612e+00
1.493173147805967327e+00
1.493301156498618720e+00
1.492685977928347008e+00
1.491798085426403464e+00
1.491079685799603816e+00
1.490801762214575499e+00
1.491521357106003087e+00
1.492598902753514256e+00
1.493337613747133918e+00
1.493642537046308449e+00
1.492698938581483947e+00
1.492889874936343730e+00
1.493674590858043327e+00
1.490448253934213430e+00
1.492370535586028613e+00
1.509994442278369764e+00
1.562730971043960526e+00
1.625762841769107681e+00
1.648621413184939488e+00
1.660342012653363675e+00
1.665603056771196577e+00
1.667247069742538779e+00
1.665051478335825674e+00
1.661609214323349626e+00
1.657498193683416776e+00
1.654290902328506174e+00
1.651628016115466835e+00
1.648802447211501931e+00
1.641550594742594571e+00
1.613007828827735191e+00
1.549552602954397118e+00
1.481627522432388044e+00
1.437549910312681867e+00
1.419569475208908971e+00
1.414756054277657160e+00
1.414499073179777300e+00
1.415613364410261976e+00
1.417562559426461810e+00
1.418621454880329980e+00
1.417523429246105415e+00
1.415879436728194607e+00
1.415962542617955844e+00
1.416790561780392865e+00
1.416983237677839735e+00
1.416095417758864716e+00
1.412078364453152268e+00
1.403208595399644043e+00
1.375798683432792213e+00
1.342610671521068166e+00
1.317765458838877191e+00
1.308917540054652884e+00
1.304451210751202295e+00
1.301835842353671557e+00
1.300999461578810745e+00
1.301120764136030727e+00
1.300917622161617659e+00
1.300222770491263669e+00
1.299559183843593591e+00
1.299481986721662707e+00
1.299960864223109969e+00
1.300694019405416846e+00
1.301046709319295669e+00
1.301071881857613466e+00
1.301074043085680199e+00
1.301185194086756258e+00
1.301242473636274877e+00
1.301134340407499090e+00
1.301014911009076958e+00
1.301164535729163907e+00
1.301463876861036262e+00
1.301724722478889040e+00
1.301918235620330044e+00
1.302064615243459844e+00
1.302099517456917877e+00
1.302039335007675547e+00
1.301651433136181257e+00
1.301185654762571975e+00
1.300392770883418425e+00
1.299484442383123994e+00
1.298889560904301632e+00
1.298999500697947340e+00
1.299526569615483407e+00
1.300468827314376075e+00
1.301281489895450338e+00
1.302295679294029451e+00
1.302939630529308390e+00
1.302993887359928493e+00
1.302228223953601827e+00
1.301466604253501025e+00
1.300635734992333425e+00
1.300449375821852493e+00
1.300170206974433640e+00
1.300239318820584078e+00
1.300264591165904537e+00
1.300656154748735638e+00
1.300880687571290162e+00
1.301038928066699185e+00
1.300883869774165369e+00
1.301162776458658410e+00
1.301341678677403468e+00
1.301196261918542874e+00
1.300970501337677554e+00
1.300636624957035581e+00
1.301230634079311832e+00
1.299397541969874226e+00
1.301165763779363660e+00
1.296158639158506043e+00
1.305244367562828023e+00
1.287262400067542334e+00
1.290860104845869216e+00
1.248160714630817347e+00
1.155264913392566095e+00
1.051271863372716941e+00
1.007520671861450889e+00
1.001219863330782278e+00
1.000200203105393149e+00
1.000033010946785650e+00
1.000005438251502454e+00
1.000000894248992633e+00
1.000000146935788869e+00
1.000000023847662511e+00
1.000000003026471962e+00
9.999999995888004811e-01
9.999999996911324018e-01
1.000000000115976118e+00
1.000000000103793640e+00
9.999999999884532365e-01
9.999999999739792589e-01
9.999999999993647304e-01
1.000000000006280976e+00
1.000000000001028067e+00
9.999999999986159960e-01
9.999999999996227462e-01
9.999999999996227462e-01
9.999999999996227462e-01
9.999999999996227462e-01
9.999999999996227462e-01
