1.080000000000000071e+00
1.080000000000000071e+00
1.080000000000000071e+00
1.080000000000000071e+00
1.080000000000000071e+00
1.080000000000000071e+00
1.080000000000000071e+00
1.080000000000000071e+00
1.080000000000000071e+00
1.080000000000000071e+00
1.080000000000000071e+00
1.080000000000000071e+00
1.080000000000000071e+00
1.080000000000000071e+00
1.080000000000000071e+00
1.080000000000000071e+00
1.080000000000000071e+00
1.080000000000000071e+00
1.080000000000000071e+00
1.080000000000000071e+00
1.080000000000000071e+00
1.080000000000000071e+00
1.080000000000000071e+00
1.080000000000000071e+00
1.080000000000000071e+00
1.080000000000000071e+00
1.080000000000000071e+00
1.080000000000000071e+00
1.080000000000000071e+00
1.080000000000000071e+00
1.080000000000000071e+00
1.080000000000000071e+00
1.080000000000000071e+00
1.080000000000000071e+00
1.080000000000000071e+00
1.080000000000000071e+00
1.080000000000000071e+00
1.080000000000000071e+00
1.080000000000000071e+00
1.080000000000000071e+00
1.080000000000000071e+00
1.080000000000000071e+00
1.080000000000000071e+00
1.080000000000000071e+00
1.080000000000000071e+00
1.080000000000000071e+00
1.080000000000000071e+00
1.080000000000000071e+00
1.080000000000000071e+00
1.080000000000000071e+00
1.080000000000000071e+00
1.080000000000000071e+00
1.080000000000000071e+00
1.080000000000000071e+00
1.080000000000000071e+00
1.080000000000000071e+00
1.080000000000000071e+00
1.080000000000000071e+00
1.080000000000000071e+00
1.080000000000000071e+00
1.080000000000000071e+00
1.080000000000000071e+00
1.080000000000000071e+00
1.080000000000000071e+00
1.080000000000000071e+00
1.080000000000000071e+00
1.080000000000000071e+00
1.080000000000000071e+00
1.080000000000000071e+00
1.080000000000000071e+00
1.080000000000000071e+00
1.080000000000000071e+00
1.080000000000000071e+00
1.080000000000000293e+00
1.080000000000018057e+00
1.080000000000733262e+00
1.080000000029034402e+00
1.080000001150690725e+00
1.080000045813835907e+00
1.080001827334666098e+00
1.080071746303225666e+00
1.082655697658666538e+00
1.164125229820930363e+00
1.434191637541414543e+00
1.470662630078507505e+00
1.508810419230425248e+00
1.502454889330270493e+00
1.484379368277488842e+00
1.492349842993236253e+00
1.490930890243102658e+00
1.487022355698333520e+00
1.490865039495952837e+00
1.495307820839387514e+00
1.494793663834019792e+00
1.492870555006320821e+00
1.491825076848741549e+00
1.490507831159999741e+00
1.489959328734943078e+00
1.489393551936424309e+00
1.491801176726848643e+00
1.493566241500650982e+00
1.494369688677410046e+00
1.493309596357346836e+00
1.492127142791790595e+00
1.491106919368103245e+00
1.490444580065345415e+00
1.490860097087225222e+00
1.492360046622612346e+00
1.493219341280202173e+00
1.493263992058352141e+00
1.493112799618415920e+00
1.491616924976059355e+00
1.490934627228763576e+00
1.491232891379742354e+00
1.491380666020415413e+00
1.492534844299012509e+00
1.493115658619873276e+00
1.492827573264399410e+00
1.492415584661826777e+00
1.491875930443487874e+00
1.491309115820837139e+00
1.491421213429942272e+00
1.492116832713212382e+00
1.492660641995050552e+00
1.493042613744979263e+00
1.492666815532665670e+00
1.492134276252654823e+00
1.491769471721109186e+00
1.491575096877847617e+00
1.491551850663413781e+00
1.492148204016295665e+00
1.492247051875555064e+00
1.492854427897513103e+00
1.492743935480489892e+00
1.492225258839347202e+00
1.493358234036634924e+00
1.494807434415569736e+00
1.487251668041540187e+00
1.486912483155242048e+00
1.492234410196991767e+00
1.495844972965479247e+00
1.512341377538167997e+00
1.571608690792000607e+00
1.661069436717349523e+00
1.669381124185576493e+00
1.664868861629460683e+00
1.656822079455691377e+00
1.656400708291364543e+00
1.659050347526482838e+00
1.662124445444294496e+00
1.664531156566627201e+00
1.664228029995750591e+00
1.663479128999737933e+00
1.662689822698077080e+00
1.661122563623718573e+00
1.646408259998678236e+00
1.580119344710691154e+00
1.494996921720711303e+00
1.435065527409955521e+00
1.414830361802777325e+00
1.413721665450778042e+00
1.412929610449991102e+00
1.414941154366978093e+00
1.417465852117609115e+00
1.419050249075658465e+00
1.419680876633874878e+00
1.418499293835206343e+00
1.417739796914903705e+00
1.417039235247264939e+00
1.418502806132572625e+00
1.419646019764720046e+00
1.419817113301681477e+00
1.417974984601196642e+00
1.410345227211263319e+00
1.395361079802378335e+00
1.342231338172674482e+00
1.315100017627685913e+00
1.305192698880919266e+00
1.295509575044072603e+00
1.294668117110659766e+00
1.297660210522502799e+00
1.300105277910474033e+00
1.301107481487309814e+00
1.301236404932204938e+00
1.301617082959042326e+00
1.301922752230539215e+00
1.302024329197909447e+00
1.302068686452426238e+00
1.301988134885625481e+00
1.301872234770413028e+00
1.301635988978582237e+00
1.301448881276788372e+00
1.301382974604794240e+00
1.301339779730873669e+00
1.301345254885283298e+00
1.301433154270151826e+00
1.301456067468454991e+00
1.301512114280418242e+00
1.301359978763864778e+00
1.301119070914676712e+00
1.300883124571743821e+00
1.300532610200833661e+00
1.300009437982468929e+00
1.299851228676740522e+00
1.299797001217255499e+00
1.299898952598516511e+00
1.300004701880587810e+00
1.300350622094742503e+00
1.300705941363208940e+00
1.300979288184168414e+00
1.301323313755308630e+00
1.301414640947576418e+00
1.301377345194355994e+00
1.301352775018971508e+00
1.301278282154036736e+00
1.301233054730909888e+00
1.301157911720768556e+00
1.301212356412703164e+00
1.301371919260754240e+00
1.301367089551582534e+00
1.301430108449521672e+00
1.301562797764454604e+00
1.301632327129652600e+00
1.301664185608658375e+00
1.301646991521594465e+00
1.301587667696685990e+00
1.301238321791990504e+00
1.300925021938114545e+00
1.300682018222049541e+00
1.300708956827512086e+00
1.300442569470873222e+00
1.300368751937152956e+00
1.301046342971183156e+00
1.302035907250157498e+00
1.301578161726448357e+00
1.300277303991751010e+00
1.300933682878990361e+00
1.301659603369393681e+00
1.301183045032739516e+00
1.301803423341458599e+00
1.284793625424113461e+00
1.202772261247752494e+00
1.134366757825413741e+00
1.018717813143645401e+00
1.000952960895334698e+00
1.000047214399877316e+00
1.000002381780569882e+00
1.000000119738281068e+00
1.000000006022609966e+00
1.000000000302965208e+00
1.000000000015222046e+00
1.000000000000763833e+00
1.000000000000037970e+00
1.000000000000001554e+00
1.000000000000000000e+00
1.000000000000000000e+00
1.000000000000000000e+00
1.000000000000000000e+00
1.000000000000000000e+00
1.000000000000000000e+00
