1.079999999999995186e+00
1.079999999999995186e+00
1.079999999999995186e+00
1.079999999999995186e+00
1.079999999999995186e+00
1.079999999999994520e+00
1.079999999999994298e+00
1.079999999999995186e+00
1.079999999999994520e+00
1.079999999999994298e+00
1.079999999999994298e+00
1.079999999999994298e+00
1.079999999999995186e+00
1.079999999999995630e+00
1.079999999999995630e+00
1.079999999999996074e+00
1.079999999999996074e+00
1.079999999999994742e+00
1.079999999999993854e+00
1.079999999999993410e+00
1.079999999999993188e+00
1.079999999999992299e+00
1.079999999999991633e+00
1.079999999999992299e+00
1.079999999999991855e+00
1.079999999999990079e+00
1.079999999999989857e+00
1.079999999999990523e+00
1.079999999999991633e+00
1.079999999999992522e+00
1.079999999999992077e+00
1.079999999999990967e+00
1.079999999999990745e+00
1.079999999999992299e+00
1.079999999999992744e+00
1.079999999999992077e+00
1.079999999999991855e+00
1.079999999999992522e+00
1.079999999999991633e+00
1.079999999999992077e+00
1.079999999999992077e+00
1.079999999999990523e+00
1.079999999999990301e+00
1.079999999999992522e+00
1.079999999999992744e+00
1.079999999999992077e+00
1.079999999999991411e+00
1.079999999999991633e+00
1.079999999999992522e+00
1.079999999999992522e+00
1.079999999999991633e+00
1.079999999999989857e+00
1.079999999999989413e+00
1.079999999999990523e+00
1.079999999999992077e+00
1.079999999999992522e+00
1.079999999999992744e+00
1.079999999999992744e+00
1.079999999999991633e+00
1.079999999999991411e+00
1.079999999999992522e+00
1.079999999999989413e+00
1.079999999999997629e+00
1.079999999999985860e+00
1.079999999999992299e+00
1.080000000000036930e+00
1.079999999999844640e+00
1.080000000000206795e+00
1.080000000000037153e+00
1.079999999999930793e+00
1.079999999997582449e+00
1.080000000002546479e+00
1.080000000052411258e+00
1.079999999889406093e+00
1.080000000037740771e+00
1.080000003636253370e+00
1.080000057964344951e+00
1.080000859673659219e+00
1.080012724379263878e+00
1.080188640402602651e+00
1.082834346877336706e+00
1.120523708335324553e+00
1.317018206967389027e+00
1.490327469321363063e+00
1.478285732264572383e+00
1.497881841604066899e+00
1.485083228745504691e+00
1.495097609682505935e+00
1.491861921074069119e+00
1.494837035160898164e+00
1.492803627602615535e+00
1.492411389204583383e+00
1.490642488100681451e+00
1.490808400285924318e+00
1.491405865209137760e+00
1.493198848635124643e+00
1.493832359061080917e+00
1.493144353241894429e+00
1.492271700734917772e+00
1.491475332498461981e+00
1.490900928749268939e+00
1.491228709877561176e+00
1.492070951835349657e+00
1.492965172100278348e+00
1.493309550988107803e+00
1.492828028948017138e+00
1.491990340954606697e+00
1.491261300671590684e+00
1.491197835075830369e+00
1.491591225408786414e+00
1.492134499463913411e+00
1.492548475221344706e+00
1.492707698610702405e+00
1.492564731502219910e+00
1.492262438692274706e+00
1.492097650563105837e+00
1.492201123605465085e+00
1.492272606047547967e+00
1.492098915355500433e+00
1.491951253877874084e+00
1.492101475392791698e+00
1.491953348854205608e+00
1.491536512617460675e+00
1.491439016273871099e+00
1.491854585167973202e+00
1.492539748415947276e+00
1.493094765741320717e+00
1.493273834794824895e+00
1.493013069332091991e+00
1.492438660419698637e+00
1.491870117979712917e+00
1.491880649927478375e+00
1.492023242158249108e+00
1.492054418055850817e+00
1.492018674823146540e+00
1.491791254387816013e+00
1.491783773917399580e+00
1.491945033017775701e+00
1.492138009357706796e+00
1.493863204920264254e+00
1.495464690904149352e+00
1.494091242578151624e+00
1.493031523339408473e+00
1.501371040340639951e+00
1.540894300089112656e+00
1.603354072606292258e+00
1.640664187499993654e+00
1.659028536805597698e+00
1.665717277702515320e+00
1.665818015949329878e+00
1.664255063443655924e+00
1.661803189638582978e+00
1.660677625919535494e+00
1.660198995640013608e+00
1.659210415723795018e+00
1.657053700788581496e+00
1.653107815132114577e+00
1.646978637730586392e+00
1.634503966261930508e+00
1.602782443234568532e+00
1.542420127985908884e+00
1.478143213598380079e+00
1.437886798960362089e+00
1.422734614397124453e+00
1.416742830113498108e+00
1.413884938345995046e+00
1.414445007819397526e+00
1.416587566163649337e+00
1.418844420174438348e+00
1.419336697160719307e+00
1.418697793640741445e+00
1.417359425397339834e+00
1.416843211029275240e+00
1.416660304172018048e+00
1.416153248512886265e+00
1.415463229724809091e+00
1.415048642894403130e+00
1.411308070950557436e+00
1.395764586210019864e+00
1.368347207479305272e+00
1.335035780868910837e+00
1.313574966372828001e+00
1.306641021490976717e+00
1.303437004995226633e+00
1.301227168219527330e+00
1.300399060380052596e+00
1.300687886442305263e+00
1.300883069924243518e+00
1.301010982266296079e+00
1.301197225044924854e+00
1.301451502392767523e+00
1.301591844266562603e+00
1.301631095476996069e+00
1.301656653807554687e+00
1.301520899392866415e+00
1.301078244862182043e+00
1.300517310109464919e+00
1.300126880800742457e+00
1.299970883409881761e+00
1.300050777771995847e+00
1.300294346208274998e+00
1.300737055114299157e+00
1.301156189845389610e+00
1.301218364674013639e+00
1.301114226606934876e+00
1.301065900774715622e+00
1.301138869064289549e+00
1.301230951530529811e+00
1.301186480402875878e+00
1.301192287915989843e+00
1.301336764853043393e+00
1.301777664416665647e+00
1.301905979400012070e+00
1.301969770479894706e+00
1.301996738683972366e+00
1.301888231011386843e+00
1.301513992489515381e+00
1.300804762776743173e+00
1.299918104553692721e+00
1.299425541065161838e+00
1.299102545829136757e+00
1.299342984374671328e+00
1.299838311349829745e+00
1.300822793850092918e+00
1.301719317928512254e+00
1.302466434800734207e+00
1.302476660981144452e+00
1.302400819847610469e+00
1.301939616226334362e+00
1.301340355907703472e+00
1.300649443194495269e+00
1.300497638303020453e+00
1.300470377918226728e+00
1.300699669127659774e+00
1.300504840812092944e+00
1.300545074177934968e+00
1.300675342362818787e+00
1.301044572065805260e+00
1.301139298349965667e+00
1.300940434397192424e+00
1.300890538427853960e+00
1.300681485967722706e+00
1.301210881930025653e+00
1.299130793484912783e+00
1.301422174242987673e+00
1.295546824141649012e+00
1.305857139029816150e+00
1.285964367888824178e+00
1.285384664811464406e+00
1.236686702624845813e+00
1.132687724237813498e+00
1.034454815884376710e+00
1.005280139859923594e+00
1.000859447473783526e+00
1.000140462016285925e+00
1.000023051001615704e+00
1.000003793643035266e+00
1.000000624055619847e+00
1.000000104961848990e+00
1.000000011926955201e+00
1.000000011926955201e+00
1.000000011926955201e+00
1.000000011926955201e+00
1.000000011926955201e+00
