1.080000000000000071e+00
1.080000000000000071e+00
1.080000000000000071e+00
1.080000000000000071e+00
1.080000000000000071e+00
1.080000000000000071e+00
1.080000000000000071e+00
1.080000000000000071e+00
1.080000000000000071e+00
1.080000000000000071e+00
1.080000000000000071e+00
1.080000000000000071e+00
1.080000000000000071e+00
1.080000000000000071e+00
1.080000000000000071e+00
1.080000000000000071e+00
1.080000000000000071e+00
1.080000000000000071e+00
1.080000000000000071e+00
1.080000000000000071e+00
1.080000000000000071e+00
1.080000000000000071e+00
1.080000000000000071e+00
1.080000000000000071e+00
1.080000000000000071e+00
1.080000000000000071e+00
1.080000000000000071e+00
1.080000000000000071e+00
1.080000000000000071e+00
1.080000000000000071e+00
1.080000000000000071e+00
1.080000000000000071e+00
1.080000000000000071e+00
1.080000000000000071e+00
1.080000000000000071e+00
1.080000000000000071e+00
1.080000000000000071e+00
1.080000000000000071e+00
1.080000000000000071e+00
1.080000000000000071e+00
1.080000000000000071e+00
1.080000000000000071e+00
1.080000000000000071e+00
1.080000000000000071e+00
1.080000000000000071e+00
1.080000000000000071e+00
1.080000000000000071e+00
1.080000000000000071e+00
1.080000000000000071e+00
1.080000000000000071e+00
1.080000000000000071e+00
1.080000000000000071e+00
1.080000000000000071e+00
1.080000000000000071e+00
1.080000000000000071e+00
1.080000000000000071e+00
1.080000000000000071e+00
1.080000000000000071e+00
1.080000000000000071e+00
1.080000000000000071e+00
1.080000000000000071e+00
1.080000000000000071e+00
1.080000000000000071e+00
1.080000000000000071e+00
1.080000000000000071e+00
1.080000000000000071e+00
1.080000000000000071e+00
1.080000000000000071e+00
1.080000000000000071e+00
1.080000000000000071e+00
1.080000000000000071e+00
1.080000000000000071e+00
1.080000000000000071e+00
1.080000000000000071e+00
1.080000000000000071e+00
1.080000000000000071e+00
1.080000000000000071e+00
1.080000000000000071e+00
1.079999999999999849e+00
1.080000000000000071e+00
1.079999999999999627e+00
1.080000000000000071e+00
1.080000000000000071e+00
1.080000000000000071e+00
1.080000000000000071e+00
1.079999999999999627e+00
1.079999999999999405e+00
1.079999999999999849e+00
1.079999999999999405e+00
1.079999999999999627e+00
1.079999999999999849e+00
1.079999999999999183e+00
1.080000000000000071e+00
1.079999999999999627e+00
1.079999999999999849e+00
1.079999999999999405e+00
1.079999999999999183e+00
1.079999999999999405e+00
1.080000000000000071e+00
1.079999999999999849e+00
1.079999999999999183e+00
1.079999999999999183e+00
1.079999999999998961e+00
1.079999999999998739e+00
1.080000000000003180e+00
1.079999999999990523e+00
1.080000000000011173e+00
1.080000000000002292e+00
1.079999999999935900e+00
1.080000000000156390e+00
1.079999999999780469e+00
1.080000000000750582e+00
1.079999999997196092e+00
1.080000000000654214e+00
1.080000000042682817e+00
1.079999999932248711e+00
1.079999999940361999e+00
1.080000002056277220e+00
1.080000039046519866e+00
1.080000593521450281e+00
1.080009005259403132e+00
1.080136335856868079e+00
1.082116015385858887e+00
1.111670920243645888e+00
1.290227524686700988e+00
1.493104846593211299e+00
1.483012588129488218e+00
1.487576409401340172e+00
1.472757751253509939e+00
1.492702221103139104e+00
1.505435531151593676e+00
1.491607514388156641e+00
1.490551244166695932e+00
1.559546407366336540e+00
1.612506687493193258e+00
1.572848533876857857e+00
1.487415322039529197e+00
1.426351919260995027e+00
1.382675386999135059e+00
1.338808543217711922e+00
1.312376578097268265e+00
1.304015317820328423e+00
1.305677488654704010e+00
1.304189803628814648e+00
1.301968587367011265e+00
1.295948844460730331e+00
1.309368872189416333e+00
1.283351493790692466e+00
1.278552046588437463e+00
1.198092244603701673e+00
1.079617629331639073e+00
1.012273499530033316e+00
1.001984376261859877e+00
1.000313226437012482e+00
1.000048825691019605e+00
1.000007514992853341e+00
1.000001144504713890e+00
1.000000172433427759e+00
1.000000025574842910e+00
1.000000003087189615e+00
9.999999996586235174e-01
9.999999997247910333e-01
1.000000000093977270e+00
1.000000000076522788e+00
9.999999999888530278e-01
9.999999999844975118e-01
1.000000000001178835e+00
1.000000000003086864e+00
9.999999999999450440e-01
9.999999999994237943e-01
9.999999999999877875e-01
1.000000000000102807e+00
1.000000000000004441e+00
9.999999999999817923e-01
9.999999999999984457e-01
1.000000000000002665e+00
1.000000000000000000e+00
9.999999999999992228e-01
1.000000000000000000e+00
1.000000000000000000e+00
1.000000000000000000e+00
9.999999999999996669e-01
1.000000000000000000e+00
1.000000000000000000e+00
1.000000000000000000e+00
1.000000000000000000e+00
1.000000000000000000e+00
1.000000000000000000e+00
1.000000000000000000e+00
1.000000000000000000e+00
1.000000000000000000e+00
1.000000000000000000e+00
1.000000000000000000e+00
1.000000000000000000e+00
1.000000000000000000e+00
1.000000000000000000e+00
1.000000000000000000e+00
1.000000000000000000e+00
1.000000000000000000e+00
1.000000000000000000e+00
1.000000000000000000e+00
1.000000000000000000e+00
1.000000000000000000e+00
1.000000000000000000e+00
1.000000000000000000e+00
1.000000000000000000e+00
1.000000000000000000e+00
1.000000000000000000e+00
1.000000000000000000e+00
1.000000000000000000e+00
1.000000000000000000e+00
1.000000000000000000e+00
1.000000000000000000e+00
1.000000000000000000e+00
1.000000000000000000e+00
1.000000000000000000e+00
1.000000000000000000e+00
1.000000000000000000e+00
1.000000000000000000e+00
1.000000000000000000e+00
1.000000000000000000e+00
1.000000000000000000e+00
1.000000000000000000e+00
1.000000000000000000e+00
1.000000000000000000e+00
1.000000000000000000e+00
1.000000000000000000e+00
1.000000000000000000e+00
1.000000000000000000e+00
1.000000000000000000e+00
1.000000000000000000e+00
1.000000000000000000e+00
1.000000000000000000e+00
1.000000000000000000e+00
1.000000000000000000e+00
1.000000000000000000e+00
1.000000000000000000e+00
1.000000000000000000e+00
1.000000000000000000e+00
1.000000000000000000e+00
1.000000000000000000e+00
1.000000000000000000e+00
1.000000000000000000e+00
1.000000000000000000e+00
1.000000000000000000e+00
1.000000000000000000e+00
1.000000000000000000e+00
1.000000000000000000e+00
1.000000000000000000e+00
1.000000000000000000e+00
1.000000000000000000e+00
1.000000000000000000e+00
1.000000000000000000e+00
1.000000000000000000e+00
1.000000000000000000e+00
1.000000000000000000e+00
1.000000000000000000e+00
1.000000000000000000e+00
1.000000000000000000e+00
1.000000000000000000e+00
1.000000000000000000e+00
1.000000000000000000e+00
1.000000000000000000e+00
1.000000000000000000e+00
