1.080000000000000071e+00
1.080000000000000071e+00
1.080000000000000071e+00
1.080000000000000071e+00
1.080000000000000071e+00
1.080000000000000071e+00
1.080000000000000071e+00
1.080000000000000071e+00
1.080000000000000071e+00
1.080000000000000071e+00
1.080000000000000071e+00
1.080000000000000071e+00
1.080000000000000071e+00
1.080000000000000071e+00
1.080000000000000071e+00
1.080000000000000071e+00
1.080000000000000071e+00
1.080000000000000071e+00
1.080000000000000071e+00
1.080000000000000071e+00
1.080000000000000071e+00
1.080000000000000071e+00
1.080000000000000071e+00
1.080000000000000071e+00
1.080000000000000071e+00
1.080000000000000071e+00
1.080000000000000071e+00
1.080000000000000071e+00
1.080000000000000071e+00
1.080000000000000071e+00
1.080000000000000071e+00
1.080000000000000071e+00
1.080000000000000071e+00
1.080000000000000071e+00
1.080000000000000071e+00
1.080000000000000071e+00
1.080000000000000071e+00
1.080000000000000071e+00
1.080000000000000071e+00
1.080000000000000071e+00
1.080000000000000071e+00
1.080000000000000071e+00
1.080000000000000071e+00
1.080000000000000071e+00
1.080000000000000071e+00
1.080000000000000071e+00
1.080000000000000071e+00
1.080000000000000071e+00
1.080000000000000071e+00
1.080000000000000071e+00
1.080000000000000071e+00
1.080000000000000071e+00
1.080000000000000071e+00
1.080000000000000071e+00
1.080000000000000071e+00
1.080000000000000071e+00
1.080000000000000071e+00
1.080000000000000071e+00
1.080000000000000071e+00
1.080000000000000071e+00
1.080000000000000071e+00
1.080000000000000071e+00
1.080000000000000071e+00
1.080000000000000071e+00
1.080000000000000071e+00
1.080000000000000071e+00
1.080000000000000071e+00
1.080000000000000071e+00
1.080000000000000071e+00
1.080000000000000071e+00
1.080000000000000071e+00
1.080000000000000071e+00
1.080000000000000071e+00
1.080000000000000071e+00
1.080000000000000071e+00
1.080000000000000071e+00
1.080000000000000071e+00
1.080000000000000071e+00
1.080000000000000071e+00
1.080000000000003846e+00
1.080000000000067573e+00
1.080000000000910010e+00
1.080000000012679262e+00
1.080000000170951990e+00
1.080000002274924764e+00
1.080000029850073373e+00
1.080000387319048460e+00
1.080004984171129001e+00
1.080063842985030220e+00
1.080813513061589015e+00
1.090280267530704617e+00
1.178163349270777038e+00
1.403360956562445416e+00
1.486091865766767883e+00
1.480657861355865634e+00
1.495858701645643496e+00
1.492013280146275545e+00
1.491869907544938645e+00
1.494096922797043980e+00
1.491440104697291602e+00
1.489794476893800734e+00
1.489887095358360725e+00
1.491969134076466474e+00
1.517750043442174013e+00
1.605690024514957459e+00
1.638030510943992546e+00
1.592063490572850348e+00
1.498319620332528856e+00
1.443487161056853596e+00
1.418699021226377477e+00
1.397416204040653920e+00
1.369861901858550057e+00
1.333473636144892005e+00
1.309731510574133839e+00
1.299623803634349262e+00
1.298414301757302658e+00
1.300632183198401792e+00
1.301285741700406451e+00
1.299122979473119166e+00
1.300667815592028820e+00
1.303365682176666596e+00
1.303599926158096611e+00
1.303082355156140348e+00
1.295820155395788209e+00
1.262383085841058072e+00
1.186343508820995929e+00
1.069573007979340407e+00
1.015202854528968190e+00
1.003262356030914404e+00
1.000599541588542696e+00
1.000135354357785111e+00
1.000023621893973758e+00
1.000005090133340602e+00
1.000000888052348103e+00
1.000000188882154362e+00
1.000000030856730504e+00
1.000000006016769749e+00
1.000000001060645127e+00
1.000000000182618587e+00
1.000000000030480507e+00
1.000000000004924949e+00
1.000000000000768718e+00
1.000000000000116129e+00
1.000000000000016875e+00
1.000000000000002220e+00
1.000000000000000222e+00
1.000000000000000000e+00
1.000000000000000000e+00
1.000000000000000000e+00
1.000000000000000000e+00
1.000000000000000000e+00
1.000000000000000000e+00
1.000000000000000000e+00
1.000000000000000000e+00
1.000000000000000000e+00
1.000000000000000000e+00
1.000000000000000000e+00
1.000000000000000000e+00
1.000000000000000000e+00
1.000000000000000000e+00
1.000000000000000000e+00
1.000000000000000000e+00
1.000000000000000000e+00
1.000000000000000000e+00
1.000000000000000000e+00
1.000000000000000000e+00
1.000000000000000000e+00
1.000000000000000000e+00
1.000000000000000000e+00
1.000000000000000000e+00
1.000000000000000000e+00
1.000000000000000000e+00
1.000000000000000000e+00
1.000000000000000000e+00
1.000000000000000000e+00
1.000000000000000000e+00
1.000000000000000000e+00
1.000000000000000000e+00
1.000000000000000000e+00
1.000000000000000000e+00
1.000000000000000000e+00
1.000000000000000000e+00
1.000000000000000000e+00
1.000000000000000000e+00
1.000000000000000000e+00
1.000000000000000000e+00
1.000000000000000000e+00
1.000000000000000000e+00
1.000000000000000000e+00
1.000000000000000000e+00
1.000000000000000000e+00
1.000000000000000000e+00
1.000000000000000000e+00
1.000000000000000000e+00
1.000000000000000000e+00
1.000000000000000000e+00
1.000000000000000000e+00
1.000000000000000000e+00
1.000000000000000000e+00
1.000000000000000000e+00
1.000000000000000000e+00
1.000000000000000000e+00
1.000000000000000000e+00
1.000000000000000000e+00
