1.080000000000000071e+00
1.080000000000000071e+00
1.080000000000000071e+00
1.080000000000000071e+00
1.080000000000000071e+00
1.080000000000000071e+00
1.080000000000000071e+00
1.080000000000000071e+00
1.080000000000000071e+00
1.080000000000000071e+00
1.080000000000000071e+00
1.080000000000000071e+00
1.080000000000000071e+00
1.080000000000000071e+00
1.080000000000000071e+00
1.080000000000000071e+00
1.080000000000000071e+00
1.080000000000000071e+00
1.080000000000000071e+00
1.080000000000000071e+00
1.080000000000000071e+00
1.080000000000000071e+00
1.080000000000000071e+00
1.080000000000000071e+00
1.080000000000000071e+00
1.080000000000000071e+00
1.080000000000000071e+00
1.080000000000000071e+00
1.080000000000000071e+00
1.080000000000000071e+00
1.080000000000000071e+00
1.080000000000000071e+00
1.080000000000000071e+00
1.080000000000000071e+00
1.080000000000000071e+00
1.080000000000000071e+00
1.080000000000000071e+00
1.080000000000000071e+00
1.080000000000000071e+00
1.080000000000000071e+00
1.080000000000000071e+00
1.080000000000000071e+00
1.080000000000000071e+00
1.080000000000000071e+00
1.080000000000000071e+00
1.080000000000000071e+00
1.080000000000000071e+00
1.080000000000000071e+00
1.080000000000000071e+00
1.080000000000000071e+00
1.080000000000000071e+00
1.079999999999999849e+00
1.080000000000000071e+00
1.080000000000000071e+00
1.080000000000000071e+00
1.080000000000000071e+00
1.079999999999999849e+00
1.079999999999999627e+00
1.079999999999999849e+00
1.079999999999999849e+00
1.079999999999999627e+00
1.079999999999999627e+00
1.079999999999999627e+00
1.079999999999999183e+00
1.079999999999999183e+00
1.079999999999999627e+00
1.079999999999999627e+00
1.079999999999999183e+00
1.079999999999999849e+00
1.080000000000000071e+00
1.079999999999998961e+00
1.079999999999999183e+00
1.079999999999999183e+00
1.079999999999998961e+00
1.079999999999998739e+00
1.079999999999998961e+00
1.079999999999998517e+00
1.079999999999999183e+00
1.079999999999999627e+00
1.079999999999999183e+00
1.079999999999997851e+00
1.079999999999998295e+00
1.080000000000000071e+00
1.079999999999999183e+00
1.079999999999997851e+00
1.079999999999998517e+00
1.079999999999998961e+00
1.079999999999999183e+00
1.079999999999998961e+00
1.079999999999998517e+00
1.079999999999997851e+00
1.079999999999997851e+00
1.079999999999998739e+00
1.079999999999998739e+00
1.079999999999997851e+00
1.079999999999999183e+00
1.079999999999995852e+00
1.079999999999996518e+00
1.080000000000007843e+00
1.079999999999969651e+00
1.080000000000068905e+00
1.079999999999859517e+00
1.080000000000043148e+00
1.080000000000883142e+00
1.079999999997570459e+00
1.079999999999475158e+00
1.080000000013847661e+00
1.080000000038755292e+00
1.079999999835614899e+00
1.080000000398193327e+00
1.080000009491239865e+00
1.080000141066554953e+00
1.080002122516797280e+00
1.080031788453396979e+00
1.080472364718187306e+00
1.086756632546484580e+00
1.167218090900001393e+00
1.393921859955421283e+00
1.489666260051917712e+00
1.495355114157296939e+00
1.478887483142912629e+00
1.490696120826701554e+00
1.506830199995945918e+00
1.501372441395081525e+00
1.486716556639408715e+00
1.475956575934142423e+00
1.483634899889604286e+00
1.496580314002869949e+00
1.499233483345074669e+00
1.492686726631712979e+00
1.487415428972914677e+00
1.491783811094625323e+00
1.495127978876486852e+00
1.497684028388520439e+00
1.513336371163607641e+00
1.561037763222141495e+00
1.613912126062565067e+00
1.655043759405041559e+00
1.655108939509151833e+00
1.584667698158091387e+00
1.493690687387100535e+00
1.442589931449409280e+00
1.426270087420643318e+00
1.423175811435622329e+00
1.418538363380271061e+00
1.397467998757519370e+00
1.356870743059530149e+00
1.319672786181733670e+00
1.300520653389083403e+00
1.298564881096475609e+00
1.299797599354964639e+00
1.300647612684104670e+00
1.300692211797488840e+00
1.301448405366748107e+00
1.302565554225448619e+00
1.303458834349812800e+00
1.303182529734046469e+00
1.300837615204473163e+00
1.298524733033453948e+00
1.297978045128167723e+00
1.299884911332617188e+00
1.298302188324587547e+00
1.302507783349776460e+00
1.295348923398482066e+00
1.308788611224881215e+00
1.281634692976406642e+00
1.261580561468512274e+00
1.165354404740758021e+00
1.058562979547881477e+00
1.008551428078733325e+00
1.001379423204820540e+00
1.000224784405884915e+00
1.000036723404056360e+00
1.000005973385731384e+00
1.000000966611981124e+00
1.000000155775916610e+00
1.000000024780745012e+00
1.000000003130538939e+00
9.999999996165440663e-01
9.999999996945123648e-01
1.000000000110885079e+00
1.000000000098749675e+00
9.999999999884284785e-01
9.999999999760206260e-01
9.999999999998174793e-01
1.000000000005609291e+00
1.000000000000773603e+00
9.999999999988024024e-01
9.999999999996719291e-01
1.000000000000228484e+00
1.000000000000102585e+00
9.999999999999609201e-01
9.999999999999716893e-01
1.000000000000004441e+00
1.000000000000005995e+00
9.999999999999988898e-01
9.999999999999977796e-01
9.999999999999995559e-01
1.000000000000000000e+00
1.000000000000000000e+00
9.999999999999996669e-01
9.999999999999996669e-01
1.000000000000000000e+00
1.000000000000000000e+00
1.000000000000000000e+00
1.000000000000000000e+00
1.000000000000000000e+00
1.000000000000000000e+00
1.000000000000000000e+00
1.000000000000000000e+00
1.000000000000000000e+00
1.000000000000000000e+00
1.000000000000000000e+00
1.000000000000000000e+00
1.000000000000000000e+00
1.000000000000000000e+00
1.000000000000000000e+00
1.000000000000000000e+00
1.000000000000000000e+00
1.000000000000000000e+00
1.000000000000000000e+00
1.000000000000000000e+00
1.000000000000000000e+00
1.000000000000000000e+00
1.000000000000000000e+00
1.000000000000000000e+00
1.000000000000000000e+00
1.000000000000000000e+00
1.000000000000000000e+00
1.000000000000000000e+00
1.000000000000000000e+00
1.000000000000000000e+00
1.000000000000000000e+00
1.000000000000000000e+00
1.000000000000000000e+00
1.000000000000000000e+00
1.000000000000000000e+00
1.000000000000000000e+00
1.000000000000000000e+00
1.000000000000000000e+00
1.000000000000000000e+00
1.000000000000000000e+00
1.000000000000000000e+00
1.000000000000000000e+00
1.000000000000000000e+00
1.000000000000000000e+00
1.000000000000000000e+00
1.000000000000000000e+00
1.000000000000000000e+00
1.000000000000000000e+00
1.000000000000000000e+00
1.000000000000000000e+00
1.000000000000000000e+00
1.000000000000000000e+00
1.000000000000000000e+00
1.000000000000000000e+00
1.000000000000000000e+00
1.000000000000000000e+00
1.000000000000000000e+00
1.000000000000000000e+00
1.000000000000000000e+00
1.000000000000000000e+00
1.000000000000000000e+00
1.000000000000000000e+00
