1.080000000000000071e+00
1.080000000000000071e+00
1.080000000000000071e+00
1.080000000000000071e+00
1.080000000000000071e+00
1.080000000000000071e+00
1.080000000000000071e+00
1.080000000000000071e+00
1.080000000000000071e+00
1.080000000000000071e+00
1.080000000000000071e+00
1.080000000000000071e+00
1.080000000000000071e+00
1.080000000000000071e+00
1.080000000000000071e+00
1.080000000000000071e+00
1.080000000000000071e+00
1.080000000000000071e+00
1.080000000000000071e+00
1.080000000000000071e+00
1.080000000000000071e+00
1.080000000000000071e+00
1.080000000000000071e+00
1.080000000000000071e+00
1.080000000000000071e+00
1.080000000000000071e+00
1.080000000000000071e+00
1.080000000000000071e+00
1.080000000000000071e+00
1.080000000000000071e+00
1.080000000000000071e+00
1.080000000000000071e+00
1.080000000000000071e+00
1.080000000000000071e+00
1.080000000000000071e+00
1.080000000000000071e+00
1.080000000000000071e+00
1.080000000000000071e+00
1.080000000000000071e+00
1.080000000000000071e+00
1.080000000000000071e+00
1.080000000000000071e+00
1.080000000000000071e+00
1.080000000000000071e+00
1.080000000000000071e+00
1.080000000000000071e+00
1.080000000000000071e+00
1.080000000000000071e+00
1.080000000000000071e+00
1.080000000000000071e+00
1.080000000000000071e+00
1.080000000000000071e+00
1.080000000000000071e+00
1.080000000000000071e+00
1.080000000000000071e+00
1.080000000000000071e+00
1.080000000000000071e+00
1.080000000000000071e+00
1.080000000000000071e+00
1.080000000000000071e+00
1.080000000000000071e+00
1.080000000000000071e+00
1.080000000000000071e+00
1.080000000000000071e+00
1.080000000000000071e+00
1.080000000000000071e+00
1.080000000000000071e+00
1.080000000000000071e+00
1.080000000000000071e+00
1.080000000000000071e+00
1.080000000000000071e+00
1.080000000000000071e+00
1.080000000000000071e+00
1.080000000000000071e+00
1.080000000000000293e+00
1.080000000000004956e+00
1.080000000000069571e+00
1.080000000000885363e+00
1.080000000011725358e+00
1.080000000150090012e+00
1.080000001929577458e+00
1.080000024676295078e+00
1.080000315285293500e+00
1.080004024751841873e+00
1.080051239862294343e+00
1.080648899096937843e+00
1.088091310274578172e+00
1.161420553426831592e+00
1.381236440482146444e+00
1.484078149813530034e+00
1.486530237037817281e+00
1.493164174382960896e+00
1.491965277148227464e+00
1.490315346193853197e+00
1.491057008550012108e+00
1.492076161351413299e+00
1.493055561646252194e+00
1.492902257825153178e+00
1.491413548261353528e+00
1.490506147018551442e+00
1.491004130324013355e+00
1.493656713294745808e+00
1.491334562506547501e+00
1.493478205971829009e+00
1.517794420483308926e+00
1.586793005449570026e+00
1.646197867114632674e+00
1.659794354435606856e+00
1.609276909227889352e+00
1.520936260853023692e+00
1.458926446992569570e+00
1.433244614853684595e+00
1.418611483595569656e+00
1.407621503127220564e+00
1.392267844754649042e+00
1.356780221329632496e+00
1.326175463935689303e+00
1.308271129234880537e+00
1.302321690038626301e+00
1.299267560465710236e+00
1.299846311415015832e+00
1.301577450481099962e+00
1.302129788164270829e+00
1.301155644603331440e+00
1.300348852085541740e+00
1.300064202761500809e+00
1.299894701372487305e+00
1.299001020792540206e+00
1.299290066510500941e+00
1.301487027507873595e+00
1.303477228329200432e+00
1.302719790493852559e+00
1.293349553683776687e+00
1.273060205150962076e+00
1.217379984595692077e+00
1.103262542855539152e+00
1.027768752192970148e+00
1.005473734771471728e+00
1.001172434102275410e+00
1.000227502943106028e+00
1.000044176954070885e+00
1.000009513686622720e+00
1.000001698702674302e+00
1.000000366366653459e+00
1.000000066411209643e+00
1.000000013935305132e+00
1.000000002470646576e+00
1.000000000518930232e+00
1.000000000086817220e+00
1.000000000017009061e+00
1.000000000003077316e+00
1.000000000000545564e+00
1.000000000000094591e+00
1.000000000000015987e+00
1.000000000000002442e+00
1.000000000000000444e+00
1.000000000000000000e+00
1.000000000000000000e+00
1.000000000000000000e+00
1.000000000000000000e+00
1.000000000000000000e+00
1.000000000000000000e+00
1.000000000000000000e+00
1.000000000000000000e+00
1.000000000000000000e+00
1.000000000000000000e+00
1.000000000000000000e+00
1.000000000000000000e+00
1.000000000000000000e+00
1.000000000000000000e+00
1.000000000000000000e+00
1.000000000000000000e+00
1.000000000000000000e+00
1.000000000000000000e+00
1.000000000000000000e+00
1.000000000000000000e+00
1.000000000000000000e+00
1.000000000000000000e+00
1.000000000000000000e+00
1.000000000000000000e+00
1.000000000000000000e+00
1.000000000000000000e+00
1.000000000000000000e+00
1.000000000000000000e+00
1.000000000000000000e+00
1.000000000000000000e+00
1.000000000000000000e+00
1.000000000000000000e+00
1.000000000000000000e+00
1.000000000000000000e+00
1.000000000000000000e+00
1.000000000000000000e+00
1.000000000000000000e+00
1.000000000000000000e+00
1.000000000000000000e+00
1.000000000000000000e+00
1.000000000000000000e+00
1.000000000000000000e+00
1.000000000000000000e+00
1.000000000000000000e+00
1.000000000000000000e+00
1.000000000000000000e+00
1.000000000000000000e+00
1.000000000000000000e+00
