1.080000000000000071e+00
1.080000000000000071e+00
1.080000000000000071e+00
1.080000000000000071e+00
1.080000000000000071e+00
1.080000000000000071e+00
1.080000000000000071e+00
1.080000000000000071e+00
1.080000000000000071e+00
1.080000000000000071e+00
1.080000000000000071e+00
1.080000000000000071e+00
1.080000000000000071e+00
1.080000000000000071e+00
1.080000000000000071e+00
1.080000000000000071e+00
1.080000000000000071e+00
1.080000000000000071e+00
1.080000000000000071e+00
1.080000000000000071e+00
1.080000000000000071e+00
1.080000000000000071e+00
1.080000000000000071e+00
1.080000000000000071e+00
1.080000000000000071e+00
1.080000000000000071e+00
1.080000000000000071e+00
1.080000000000000071e+00
1.080000000000000071e+00
1.080000000000000071e+00
1.080000000000000071e+00
1.080000000000000071e+00
1.080000000000000071e+00
1.080000000000000071e+00
1.079999999999999627e+00
1.079999999999999627e+00
1.079999999999999627e+00
1.079999999999999627e+00
1.079999999999999627e+00
1.079999999999999627e+00
1.079999999999999627e+00
1.079999999999999405e+00
1.079999999999999627e+00
1.079999999999999627e+00
1.079999999999999183e+00
1.079999999999999183e+00
1.079999999999999627e+00
1.079999999999999183e+00
1.079999999999998961e+00
1.079999999999999183e+00
1.079999999999999627e+00
1.079999999999998739e+00
1.079999999999998517e+00
1.079999999999998739e+00
1.080000000000000071e+00
1.080000000000000071e+00
1.079999999999998517e+00
1.079999999999998517e+00
1.079999999999998739e+00
1.079999999999999183e+00
1.079999999999999183e+00
1.079999999999998739e+00
1.079999999999998739e+00
1.079999999999998739e+00
1.079999999999998517e+00
1.079999999999998739e+00
1.079999999999998961e+00
1.079999999999999183e+00
1.079999999999998739e+00
1.079999999999998739e+00
1.079999999999998295e+00
1.079999999999998295e+00
1.079999999999998517e+00
1.079999999999998739e+00
1.079999999999998517e+00
1.079999999999998739e+00
1.079999999999999183e+00
1.079999999999998295e+00
1.079999999999996962e+00
1.079999999999996962e+00
1.079999999999997851e+00
1.079999999999998739e+00
1.079999999999998961e+00
1.079999999999998073e+00
1.079999999999997184e+00
1.079999999999996296e+00
1.079999999999995852e+00
1.079999999999997407e+00
1.079999999999999183e+00
1.079999999999997407e+00
1.079999999999998295e+00
1.079999999999995186e+00
1.079999999999998295e+00
1.080000000000006510e+00
1.079999999999971871e+00
1.080000000000067795e+00
1.079999999999850635e+00
1.080000000000066684e+00
1.080000000000806981e+00
1.079999999997765414e+00
1.079999999999365912e+00
1.080000000012409700e+00
1.080000000041674735e+00
1.079999999837378155e+00
1.080000000357577150e+00
1.080000008691883506e+00
1.080000128091240574e+00
1.080001909446649977e+00
1.080028530598435399e+00
1.080429059250445745e+00
1.086298067548221447e+00
1.164030997472405238e+00
1.370744550773236092e+00
1.508258866180269830e+00
1.493151662944724345e+00
1.491585728678475720e+00
1.477427829571130502e+00
1.485297899161895474e+00
1.494337175466190937e+00
1.495518720925270273e+00
1.492439172568170491e+00
1.488249595332268527e+00
1.487727293994670408e+00
1.493651294822164299e+00
1.500412932230728025e+00
1.498857434508456210e+00
1.491049478061451161e+00
1.485500200443486740e+00
1.486211917140444649e+00
1.490174657735054087e+00
1.493469689624166374e+00
1.493751549920617094e+00
1.493761164862467128e+00
1.493436341943850332e+00
1.493287316150958333e+00
1.502194516871977914e+00
1.550126875240688706e+00
1.607207416327509186e+00
1.629958342151388573e+00
1.649657843374288113e+00
1.662446264028529352e+00
1.650948968110201642e+00
1.580963686258964884e+00
1.496831620634118787e+00
1.441459197926737490e+00
1.423838979661726345e+00
1.420964403057863423e+00
1.418517375858351581e+00
1.415984396604281326e+00
1.408880571331904807e+00
1.381393077075220521e+00
1.343204656808305142e+00
1.319572014877508970e+00
1.305114070486800726e+00
1.300624602009153863e+00
1.300936947381560405e+00
1.302143553958948319e+00
1.303317837942808977e+00
1.303207764059043594e+00
1.301860195837611256e+00
1.299817193557923245e+00
1.299215141027199483e+00
1.299621980876748184e+00
1.300009114808631683e+00
1.300181922687505320e+00
1.300800542646646019e+00
1.301721739995655547e+00
1.302196350162964311e+00
1.301954213067814337e+00
1.301457076929658729e+00
1.301461888940569578e+00
1.300300096133500505e+00
1.301243574245116275e+00
1.298179373712015083e+00
1.302342309243356588e+00
1.293701653395873397e+00
1.304768765430439403e+00
1.276325316107700392e+00
1.249137418047673087e+00
1.146453816414132909e+00
1.044162893700217865e+00
1.006523692864235375e+00
1.001048432116897313e+00
1.000170201533324033e+00
1.000027771909606233e+00
1.000004534662552569e+00
1.000000739074694334e+00
1.000000120343929932e+00
1.000000019207851532e+00
1.000000002218775830e+00
9.999999995070251169e-01
9.999999997649269279e-01
1.000000000131116229e+00
1.000000000085826901e+00
9.999999999814251916e-01
9.999999999777720028e-01
1.000000000001560529e+00
1.000000000005595524e+00
1.000000000000366818e+00
9.999999999987141397e-01
9.999999999997389866e-01
1.000000000000269784e+00
1.000000000000097700e+00
9.999999999999478195e-01
9.999999999999693578e-01
1.000000000000007994e+00
1.000000000000007327e+00
9.999999999999984457e-01
9.999999999999975575e-01
9.999999999999993339e-01
1.000000000000000000e+00
1.000000000000000000e+00
1.000000000000000000e+00
9.999999999999996669e-01
9.999999999999996669e-01
1.000000000000000000e+00
1.000000000000000000e+00
1.000000000000000000e+00
1.000000000000000000e+00
1.000000000000000000e+00
1.000000000000000000e+00
1.000000000000000000e+00
1.000000000000000000e+00
1.000000000000000000e+00
1.000000000000000000e+00
1.000000000000000000e+00
1.000000000000000000e+00
1.000000000000000000e+00
1.000000000000000000e+00
1.000000000000000000e+00
1.000000000000000000e+00
1.000000000000000000e+00
1.000000000000000000e+00
1.000000000000000000e+00
1.000000000000000000e+00
1.000000000000000000e+00
1.000000000000000000e+00
1.000000000000000000e+00
1.000000000000000000e+00
1.000000000000000000e+00
1.000000000000000000e+00
1.000000000000000000e+00
1.000000000000000000e+00
1.000000000000000000e+00
1.000000000000000000e+00
1.000000000000000000e+00
1.000000000000000000e+00
1.000000000000000000e+00
1.000000000000000000e+00
1.000000000000000000e+00
1.000000000000000000e+00
1.000000000000000000e+00
1.000000000000000000e+00
1.000000000000000000e+00
1.000000000000000000e+00
1.000000000000000000e+00
1.000000000000000000e+00
1.000000000000000000e+00
1.000000000000000000e+00
1.000000000000000000e+00
1.000000000000000000e+00
1.000000000000000000e+00
1.000000000000000000e+00
1.000000000000000000e+00
