1.080000000000000071e+00
1.080000000000000071e+00
1.080000000000000071e+00
1.080000000000000071e+00
1.080000000000000071e+00
1.080000000000000071e+00
1.080000000000000071e+00
1.080000000000000071e+00
1.080000000000000071e+00
1.080000000000000071e+00
1.080000000000000071e+00
1.080000000000000071e+00
1.080000000000000071e+00
1.080000000000000071e+00
1.080000000000000071e+00
1.080000000000000071e+00
1.080000000000000071e+00
1.080000000000000071e+00
1.080000000000000071e+00
1.080000000000000071e+00
1.080000000000000071e+00
1.080000000000000071e+00
1.080000000000000071e+00
1.080000000000000071e+00
1.080000000000000071e+00
1.080000000000000071e+00
1.080000000000000071e+00
1.080000000000000071e+00
1.080000000000000071e+00
1.080000000000000071e+00
1.080000000000000071e+00
1.080000000000000071e+00
1.080000000000000071e+00
1.080000000000000071e+00
1.080000000000000071e+00
1.080000000000000071e+00
1.080000000000000071e+00
1.080000000000000071e+00
1.080000000000000071e+00
1.080000000000000071e+00
1.080000000000000071e+00
1.080000000000000071e+00
1.080000000000000071e+00
1.080000000000000071e+00
1.080000000000000071e+00
1.080000000000000071e+00
1.080000000000000071e+00
1.080000000000000071e+00
1.080000000000000071e+00
1.080000000000000071e+00
1.080000000000000071e+00
1.080000000000000071e+00
1.080000000000000071e+00
1.080000000000000071e+00
1.080000000000000071e+00
1.080000000000000071e+00
1.080000000000000071e+00
1.080000000000000071e+00
1.080000000000000071e+00
1.080000000000000071e+00
1.080000000000000071e+00
1.080000000000000071e+00
1.080000000000000071e+00
1.080000000000000071e+00
1.080000000000000071e+00
1.080000000000000071e+00
1.080000000000000071e+00
1.080000000000000071e+00
1.080000000000000071e+00
1.080000000000000071e+00
1.080000000000000071e+00
1.080000000000001847e+00
1.080000000000022276e+00
1.080000000000303828e+00
1.080000000003840555e+00
1.080000000049166964e+00
1.080000000624560030e+00
1.080000007936181117e+00
1.080000100743555569e+00
1.080001278577070734e+00
1.080016192252271745e+00
1.080202899651676596e+00
1.082543533627935650e+00
1.110404902817125006e+00
1.281638722622068016e+00
1.461708159468195323e+00
1.477256341573948362e+00
1.491043925614348620e+00
1.490385137036456698e+00
1.491307554560283410e+00
1.493333031886742157e+00
1.494220189188971482e+00
1.493063628374886598e+00
1.491542716125603185e+00
1.490503002467329141e+00
1.490511670490185070e+00
1.491199245117596606e+00
1.492512970526472360e+00
1.493597961628055915e+00
1.493783996209588683e+00
1.492528165082392499e+00
1.492148537420309395e+00
1.491885866824226747e+00
1.489394927323020923e+00
1.493888422077330969e+00
1.522781097956579011e+00
1.583834923011487428e+00
1.640181688277991601e+00
1.671620328178439419e+00
1.666439151842168620e+00
1.608006748278961506e+00
1.524246983153874746e+00
1.463962353227951319e+00
1.432888909196974980e+00
1.419401518478764501e+00
1.413920569782869840e+00
1.409164134059688323e+00
1.400230084001744757e+00
1.374635565613953947e+00
1.341278042439605134e+00
1.316723165975927312e+00
1.304695209125490418e+00
1.301837374593343366e+00
1.301263108002074009e+00
1.301421863419501834e+00
1.301160996812023019e+00
1.300432783875363540e+00
1.299783932231509898e+00
1.299269771860253941e+00
1.299352758328962798e+00
1.300874276386653872e+00
1.302389477619339653e+00
1.301880818573413645e+00
1.300170163024420455e+00
1.299635833527927664e+00
1.299516748886817563e+00
1.299987860828764275e+00
1.299862864248224392e+00
1.300733945477477338e+00
1.302663293488666163e+00
1.296705928997713198e+00
1.291517567081520879e+00
1.249794575829137333e+00
1.154362477750772609e+00
1.051228890874554622e+00
1.011276928870030067e+00
1.002272234548001517e+00
1.000509560723479741e+00
1.000094784165099782e+00
1.000020745899497410e+00
1.000003898777350742e+00
1.000000845884049694e+00
1.000000154664735241e+00
1.000000033868012173e+00
1.000000006110797646e+00
1.000000001316663889e+00
1.000000000233044695e+00
1.000000000050804694e+00
1.000000000009267476e+00
1.000000000001742384e+00
1.000000000000329736e+00
1.000000000000060840e+00
1.000000000000010658e+00
1.000000000000001776e+00
1.000000000000000222e+00
1.000000000000000000e+00
1.000000000000000000e+00
1.000000000000000000e+00
1.000000000000000000e+00
1.000000000000000000e+00
1.000000000000000000e+00
1.000000000000000000e+00
1.000000000000000000e+00
1.000000000000000000e+00
1.000000000000000000e+00
1.000000000000000000e+00
1.000000000000000000e+00
1.000000000000000000e+00
1.000000000000000000e+00
1.000000000000000000e+00
1.000000000000000000e+00
1.000000000000000000e+00
1.000000000000000000e+00
1.000000000000000000e+00
1.000000000000000000e+00
1.000000000000000000e+00
1.000000000000000000e+00
1.000000000000000000e+00
1.000000000000000000e+00
1.000000000000000000e+00
1.000000000000000000e+00
1.000000000000000000e+00
1.000000000000000000e+00
1.000000000000000000e+00
1.000000000000000000e+00
1.000000000000000000e+00
1.000000000000000000e+00
1.000000000000000000e+00
1.000000000000000000e+00
1.000000000000000000e+00
1.000000000000000000e+00
1.000000000000000000e+00
1.000000000000000000e+00
1.000000000000000000e+00
